-1.305094e-02
-2.731570e-02
-5.297393e-02
-5.150065e-02
-4.121402e-02
-2.412170e-02
-1.611264e-02
-6.370874e-03
-1.056344e-02
-1.340362e-02
-2.424946e-02
-1.671775e-02
8.720015e-04
1.495021e-02
2.477504e-03
-1.905096e-03
-1.152367e-02
9.126662e-04
1.217722e-02
1.981939e-02
4.383122e-02
5.186591e-02
3.139995e-02
2.102700e-02
-3.122351e-03
2.800180e-02
6.600324e-02
8.487336e-02
1.035837e-01
9.020972e-02
6.901278e-02
3.979512e-02
2.437344e-02
1.204012e-01
1.854849e-01
2.066631e-01
2.068243e-01
1.491259e-01
1.150139e-01
7.624515e-02
1.185455e-01
2.397959e-01
2.496136e-01
2.022692e-01
2.084155e-01
1.837688e-01
1.458373e-01
8.627463e-02
2.712141e-01
2.581583e-01
1.470852e-01
1.149110e-01
1.792363e-01
2.127455e-01
1.618618e-01
8.322295e-02
3.818533e-01
1.357206e-01
6.338982e-02
8.605797e-02
1.917173e-01
2.499177e-01
1.914028e-01
8.236397e-02
4.450575e-01
8.690845e-02
9.419375e-02
1.717916e-01
2.462400e-01
3.049656e-01
2.276301e-01
9.352931e-02
4.583115e-01
1.329357e-01
1.716423e-01
2.142928e-01
2.160179e-01
2.781641e-01
2.641380e-01
1.562121e-01
3.840645e-01
1.764039e-01
1.894620e-01
1.862382e-01
1.329664e-01
1.927474e-01
2.603829e-01
2.436435e-01
2.606450e-01
1.573262e-01
1.426002e-01
1.086462e-01
4.184097e-02
8.610138e-02
1.553654e-01
2.118106e-01
1.234994e-01
6.204298e-02
7.081093e-02
3.978778e-02
-2.033908e-02
1.402742e-02
6.558181e-02
1.184444e-01
6.597472e-02
3.292790e-02
2.195456e-02
1.496198e-03
-3.603914e-02
-2.822390e-02
1.237454e-02
5.224094e-02
1.893569e-02
3.942835e-03
-9.733242e-03
-1.252037e-02
-3.741708e-02
-4.517651e-02
-2.307232e-02
9.199770e-03
-2.235909e-03
-1.465541e-02
-3.060199e-02
-4.034966e-02
-5.845802e-02
-6.279982e-02
-3.677579e-02
-7.891698e-03
4.559098e-02
3.502808e-02
1.610053e-02
-3.809760e-03
-1.411877e-02
-1.721850e-02
-1.543290e-02
-7.260466e-03
5.367944e-02
3.341646e-02
1.047093e-02
-6.050208e-03
-2.360527e-02
-2.075358e-02
-2.450876e-02
-1.676600e-02
5.809982e-02
2.803404e-02
1.069458e-02
-8.041368e-03
-1.813016e-02
-1.512792e-02
-2.388414e-02
-2.580257e-02
5.659529e-02
2.520527e-02
1.420182e-02
-2.810808e-03
-1.942492e-02
-1.377567e-02
-2.475367e-02
-3.170768e-02
4.632931e-02
2.746022e-02
2.090164e-02
5.270152e-03
-1.333880e-02
-9.142751e-03
-2.728940e-02
-3.187726e-02
4.118637e-02
2.670174e-02
2.091033e-02
6.826436e-03
-1.588599e-02
-5.649817e-03
-2.052005e-02
-2.319672e-02
3.124635e-02
2.580953e-02
3.086679e-02
1.682355e-02
-9.081934e-03
8.279582e-03
-1.197610e-02
-1.594333e-02
2.120918e-02
3.783951e-02
4.141069e-02
2.392934e-02
-7.171700e-03
2.417321e-02
8.276380e-03
-1.566962e-03
6.626180e-03
5.370223e-02
5.869191e-02
3.280568e-02
1.287245e-02
4.301330e-02
3.956734e-02
2.838186e-02
-9.730650e-04
5.932368e-02
7.862133e-02
5.964712e-02
2.222338e-02
4.452937e-02
5.270454e-02
5.979064e-02
-5.799302e-03
7.110138e-02
1.005477e-01
5.364053e-02
-1.674565e-03
2.414332e-02
5.172292e-02
8.822292e-02
-1.004092e-02
7.263129e-02
9.667474e-02
4.421939e-02
-7.478889e-03
3.749617e-03
6.129030e-02
1.048388e-01
-8.314316e-03
6.104547e-02
7.286143e-02
2.622102e-02
-1.314231e-02
7.926336e-03
7.154969e-02
9.081614e-02
5.797615e-03
4.738367e-02
5.508871e-02
1.126533e-02
-2.119022e-03
2.218907e-02
7.485515e-02
6.271872e-02
2.593859e-02
5.062913e-02
5.066818e-02
2.497078e-02
3.569160e-02
5.536736e-02
7.223761e-02
2.865175e-02
3.042957e-02
6.573625e-02
7.800359e-02
8.438912e-02
7.615805e-02
5.449459e-02
3.146746e-02
2.390577e-03
-3.345404e-03
-1.359516e-02
-9.854926e-03
-1.028555e-02
-1.442031e-02
-1.378580e-02
-1.337700e-02
1.017946e-03
-3.672427e-03
-9.823134e-03
-6.340095e-03
3.999990e-03
1.072554e-02
1.905202e-02
5.159300e-04
1.070914e-02
-3.195671e-03
2.336617e-03
1.368386e-02
3.240874e-02
4.529491e-02
3.991478e-02
1.038761e-02
2.013280e-02
9.547275e-03
2.806153e-02
4.481370e-02
5.485518e-02
6.099983e-02
3.471520e-02
7.829285e-03
2.035494e-02
2.946741e-02
7.439730e-02
8.684266e-02
7.878748e-02
6.019736e-02
1.864708e-02
2.500923e-04
1.881013e-02
9.078263e-02
1.173604e-01
6.363931e-02
3.245017e-02
1.497018e-02
-1.987833e-02
-2.575088e-02
-6.517314e-03
1.551527e-01
8.723832e-02
9.399460e-04
-8.987522e-03
-2.425694e-02
-3.568684e-02
-2.743175e-02
-2.234528e-02
1.983881e-01
2.660769e-02
-3.791939e-02
-3.202442e-02
-4.023405e-02
-2.981788e-02
-2.549291e-02
-2.354808e-02
2.170814e-01
-2.418384e-02
-4.073882e-02
-3.082641e-02
-3.228453e-02
-2.239428e-02
-3.159542e-02
-1.702649e-02
2.221483e-01
-1.593563e-02
-1.798078e-02
-2.104030e-02
-1.634031e-02
-8.666524e-03
-1.322122e-02
7.490946e-03
1.902282e-01
2.671603e-02
1.384348e-02
-5.848765e-04
1.166216e-02
1.968569e-02
1.663151e-02
2.872561e-02
1.410858e-01
7.114046e-02
5.173649e-02
3.924661e-02
5.238880e-02
5.054714e-02
3.819163e-02
3.200607e-02
7.860699e-02
6.804633e-02
6.952070e-02
5.388893e-02
5.436804e-02
4.322783e-02
3.078128e-02
2.574240e-02
3.077507e-02
3.490789e-02
5.444252e-02
5.222802e-02
3.826861e-02
1.970681e-02
1.105800e-02
1.394514e-02
2.839347e-03
1.680604e-03
2.081824e-02
2.741554e-02
1.812937e-02
7.567800e-03
7.957340e-03
6.115832e-03
-7.794709e-03
-2.122910e-02
-1.010739e-02
3.473084e-03
6.456801e-03
2.616455e-03
5.812733e-03
6.341127e-03
-1.147725e-02
-2.749969e-02
-4.479415e-02
-3.650807e-02
-4.921543e-03
2.439430e-02
2.020952e-02
1.928106e-02
-2.079646e-02
-2.854565e-02
-3.611766e-02
-1.994779e-02
-3.707611e-04
2.377322e-02
2.356924e-02
2.506442e-02
-3.630866e-02
-3.608547e-02
-3.813041e-02
-1.134484e-02
2.211208e-04
1.594055e-02
2.869320e-02
3.187958e-02
-6.904676e-02
-5.002867e-02
-5.588292e-02
-2.935822e-02
-9.721721e-03
1.840135e-02
3.123853e-02
2.742102e-02
-1.427008e-01
-1.280087e-01
-1.643399e-01
-1.671845e-01
-1.529962e-01
-1.224167e-01
-5.843771e-02
-2.978079e-02
-2.399959e-01
-2.013989e-01
-1.986709e-01
-1.905847e-01
-1.975790e-01
-1.512049e-01
-6.184386e-02
-4.018322e-02
-3.461813e-01
-2.202790e-01
-1.685311e-01
-1.981275e-01
-2.460802e-01
-1.428866e-01
-8.031627e-02
-7.647296e-02
-3.775261e-01
-1.980529e-01
-1.593748e-01
-1.804442e-01
-2.193114e-01
-7.968527e-02
-5.494459e-02
-1.137026e-01
-3.336062e-01
-1.081428e-01
-8.608532e-02
-1.523881e-01
-1.562986e-01
-5.664536e-02
-1.424771e-02
-1.319465e-01
-2.823343e-01
-1.225501e-01
-1.318546e-01
-1.377861e-01
-1.167849e-01
-7.135531e-02
-3.478441e-02
-1.505054e-01
-1.526867e-01
-1.055208e-01
-1.361807e-01
-8.941880e-02
-5.739986e-02
-4.755521e-02
-7.574129e-02
-1.909234e-01
-3.414887e-02
-8.017575e-02
-1.274483e-01
-1.125610e-01
-9.671361e-02
-5.213990e-02
-7.931272e-02
-1.295236e-01
7.216565e-02
1.486422e-02
-1.244129e-02
3.579168e-03
-1.395691e-03
5.133038e-02
3.340267e-02
-7.853099e-03
8.857650e-02
4.121238e-02
6.145946e-03
1.977528e-02
1.928530e-02
5.130448e-02
4.609512e-02
1.192322e-02
6.209840e-02
6.093254e-02
1.746924e-02
2.643616e-02
1.798314e-02
2.657928e-02
4.065115e-02
2.330223e-02
3.096361e-02
6.725049e-02
6.068764e-02
5.384716e-02
2.012565e-02
6.902272e-03
1.128481e-02
1.733346e-02
-1.916832e-03
3.654039e-03
1.765424e-03
1.301206e-02
2.467329e-02
3.005607e-02
1.907323e-02
1.199108e-02
1.064456e-03
2.090072e-02
3.625221e-02
4.630661e-02
5.609745e-02
4.998478e-02
2.642595e-02
3.158394e-02
1.475955e-02
6.436811e-02
9.666621e-02
1.098773e-01
1.235300e-01
1.232572e-01
8.459760e-02
8.425264e-02
4.675985e-02
1.355355e-01
1.885060e-01
2.066775e-01
2.129614e-01
1.891874e-01
1.416463e-01
1.624936e-01
1.282418e-01
2.740867e-01
3.139331e-01
3.058055e-01
2.755263e-01
2.328973e-01
1.837257e-01
2.304576e-01
2.857135e-01
3.635184e-01
2.991232e-01
2.260487e-01
2.142313e-01
2.117571e-01
1.949624e-01
2.147687e-01
4.264487e-01
3.771431e-01
2.716549e-01
2.464823e-01
2.717889e-01
2.660742e-01
2.175894e-01
1.478809e-01
5.289819e-01
3.703074e-01
3.255337e-01
3.155988e-01
2.899586e-01
2.062000e-01
1.104776e-01
4.458189e-02
5.619619e-01
3.094698e-01
2.631973e-01
2.035771e-01
1.309820e-01
6.150592e-02
5.653468e-03
1.448114e-02
5.340332e-01
2.417093e-01
1.434110e-01
6.563316e-02
2.125326e-02
-1.720030e-03
5.630335e-03
5.425824e-02
4.610804e-01
3.003928e-01
1.840210e-01
1.216812e-01
7.991130e-02
7.579226e-02
1.024231e-01
1.474142e-01
2.994833e-01
2.769922e-01
2.341703e-01
2.209439e-01
1.903524e-01
1.799508e-01
1.752029e-01
1.714508e-01
1.485204e-01
1.988856e-01
1.941968e-01
1.924300e-01
1.684658e-01
1.558243e-01
1.408911e-01
1.185536e-01
4.057148e-02
8.744914e-02
1.054429e-01
1.162542e-01
1.112977e-01
9.447542e-02
8.065527e-02
6.292753e-02
1.738447e-03
1.904963e-02
5.035097e-02
5.126332e-02
3.723713e-02
2.806762e-02
3.197488e-02
2.788519e-02
-3.878733e-03
-9.696009e-03
2.796486e-03
1.334387e-02
1.487514e-02
1.184916e-02
2.393487e-02
1.867161e-02
-2.486864e-02
-4.171326e-03
9.466246e-03
2.409656e-02
3.942361e-02
4.517013e-02
4.130622e-02
1.743171e-02
-3.719728e-02
-1.631587e-03
1.786799e-02
2.601099e-02
2.581337e-02
2.855910e-02
3.966529e-02
3.443956e-02
-5.459167e-02
-5.880886e-03
1.794016e-02
2.625598e-02
1.293306e-02
2.130789e-03
1.814941e-02
2.285611e-02
-6.471977e-02
-1.180125e-03
1.868651e-02
1.414003e-02
-1.774697e-02
-2.730748e-02
-1.807365e-02
-1.000054e-02
-8.680114e-02
-8.165196e-03
4.602747e-03
-1.294105e-02
-2.687605e-02
-2.129376e-02
-2.336567e-02
-3.078104e-02
-9.974860e-02
-2.271476e-02
-3.215540e-02
-3.459370e-02
-3.752740e-02
-3.600481e-02
-3.496443e-02
-4.550992e-02
-1.255297e-01
-6.401982e-02
-4.485770e-02
-1.479570e-02
-2.943626e-02
-3.874675e-02
-3.809800e-02
-5.139299e-02
-1.163331e-01
-5.522871e-02
-2.806383e-02
-9.699546e-03
-2.192637e-02
-1.939137e-02
-3.203429e-02
-5.097409e-02
-9.830553e-02
-6.032150e-02
-2.091563e-02
-1.106185e-02
-2.841294e-02
-3.125578e-02
-4.562730e-02
-5.328746e-02
-8.896617e-02
-7.220768e-02
-7.504027e-03
9.386021e-03
-1.182392e-02
-2.495560e-02
-5.919019e-02
-7.304215e-02
-8.331603e-02
-8.886685e-02
-1.765735e-02
5.903167e-04
-1.924997e-02
-1.821837e-02
-4.338024e-02
-7.942559e-02
-6.162820e-02
-7.167933e-02
-1.768845e-02
1.399066e-02
-1.088772e-02
-1.275198e-02
-2.499095e-02
-6.341057e-02
-4.664488e-02
-4.639927e-02
-2.299241e-02
5.522164e-03
-1.900348e-02
-2.607864e-02
-3.899241e-02
-6.523443e-02
-2.846004e-02
-2.307989e-02
-9.967315e-03
2.090046e-02
-1.090958e-03
-1.536931e-02
-2.926624e-02
-4.979315e-02
-1.661981e-02
-1.329783e-02
-4.842807e-03
1.766845e-02
2.478961e-03
-4.526291e-03
-1.975724e-02
-3.256136e-02
-1.091458e-02
-8.493672e-03
5.237204e-04
1.261635e-02
8.190697e-03
6.241481e-04
-5.929860e-03
-1.812245e-02
7.475063e-03
3.842939e-02
9.769763e-02
1.437095e-01
1.551236e-01
1.329167e-01
9.339107e-02
3.332636e-02
3.226994e-02
8.110694e-02
1.202395e-01
1.058222e-01
1.035756e-01
1.132970e-01
1.040897e-01
5.256976e-02
5.634824e-02
1.102026e-01
1.292138e-01
9.987753e-02
1.124892e-01
1.411302e-01
1.171503e-01
5.961514e-02
7.786297e-02
1.104038e-01
1.196508e-01
1.104064e-01
1.260632e-01
1.612691e-01
1.251831e-01
6.094627e-02
7.404728e-02
8.616027e-02
9.530943e-02
9.087624e-02
1.115380e-01
1.578028e-01
1.165132e-01
5.456529e-02
3.941975e-02
4.150965e-02
6.577565e-02
8.306630e-02
9.977889e-02
1.422434e-01
1.450993e-01
5.998734e-02
-4.276798e-03
1.721880e-02
5.402307e-02
5.895772e-02
6.142731e-02
1.111407e-01
1.466363e-01
7.474719e-02
-4.425267e-02
-6.806845e-03
1.902567e-02
2.053711e-02
3.029329e-02
8.380606e-02
1.424432e-01
8.618754e-02
-4.910776e-02
-9.020564e-04
1.422463e-02
8.228543e-03
2.505946e-02
7.141338e-02
1.314560e-01
1.036448e-01
-4.070549e-02
1.353439e-03
1.364844e-02
1.022752e-02
1.647025e-02
5.472933e-02
1.127323e-01
1.132982e-01
-1.820712e-02
-8.393761e-03
8.463301e-03
3.009364e-03
1.675363e-02
4.721709e-02
9.589138e-02
1.129927e-01
2.267892e-02
1.346491e-02
-6.832885e-03
-2.314821e-02
-2.900618e-04
3.054103e-02
8.211788e-02
1.177015e-01
5.241919e-02
4.882942e-02
3.108634e-02
1.265084e-02
3.633855e-02
5.529284e-02
1.074954e-01
1.294341e-01
6.942515e-02
7.519693e-02
4.775993e-02
3.565345e-02
6.919291e-02
8.295822e-02
1.249765e-01
1.056173e-01
5.512261e-02
9.609940e-02
8.482770e-02
7.010031e-02
8.731638e-02
9.463357e-02
1.094559e-01
6.505123e-02
4.396976e-02
1.086124e-01
1.519621e-01
1.632271e-01
1.542455e-01
1.225562e-01
8.303539e-02
2.886758e-02
2.497138e-02
1.374924e-02
-5.209680e-03
-2.071178e-02
-1.585705e-02
-1.610178e-02
-6.661218e-03
-1.351414e-03
3.680790e-02
1.394868e-02
-7.961007e-04
-1.632953e-02
-1.299710e-02
-1.642351e-02
-8.072249e-03
-5.694890e-03
4.341201e-02
1.080852e-02
-5.802890e-03
-1.840217e-02
-2.069752e-02
-2.407329e-02
-1.196269e-02
-1.044861e-02
4.451661e-02
1.125814e-02
-3.182023e-03
-2.165142e-02
-2.833280e-02
-2.580284e-02
-2.162973e-02
-1.366858e-02
4.170856e-02
1.394928e-02
-5.583239e-03
-3.774658e-02
-5.289934e-02
-4.038048e-02
-3.627175e-02
-2.162745e-02
2.768416e-02
9.030021e-03
-1.696302e-02
-4.146302e-02
-5.231553e-02
-3.893931e-02
-3.178425e-02
-2.686289e-02
1.912311e-02
4.361715e-03
-1.986425e-02
-2.463319e-02
-3.220078e-02
-2.106144e-02
-2.298173e-02
-3.223110e-02
4.981475e-03
6.392293e-03
-2.285277e-03
-6.833383e-03
-1.198071e-02
1.086389e-03
-4.041665e-03
-3.337562e-02
3.786176e-04
2.009264e-02
2.401202e-02
1.517388e-02
1.155241e-02
1.251862e-02
9.572947e-03
-3.099608e-02
-4.064303e-03
2.002404e-02
3.628645e-02
1.789692e-02
1.683922e-02
1.677398e-02
1.267074e-02
-2.804507e-02
-1.084382e-03
3.484733e-02
4.693295e-02
9.976587e-03
1.094572e-02
6.190152e-03
2.313855e-02
-1.127636e-02
1.092171e-03
4.214385e-02
3.313594e-02
-7.424396e-03
-3.005623e-03
-5.747112e-03
3.337961e-02
1.246054e-02
1.023622e-02
4.806993e-02
3.187408e-02
-2.996269e-03
-6.993187e-03
-6.275257e-03
3.226379e-02
2.947526e-02
1.478239e-02
4.232865e-02
2.237151e-02
-1.911099e-02
-2.218586e-02
-6.178759e-03
2.535268e-02
3.783934e-02
1.312893e-02
3.305372e-02
1.197597e-02
-2.132973e-02
-2.173406e-02
-1.311657e-04
2.229819e-02
3.564019e-02
6.883248e-03
1.307056e-02
-7.104056e-03
-2.628404e-02
-2.524963e-02
-2.736684e-03
1.932282e-02
2.962367e-02
1.756326e-02
7.485424e-02
2.046250e-01
2.794989e-01
2.639902e-01
1.351724e-01
4.249225e-02
7.771108e-03
3.604541e-03
1.646105e-02
7.657680e-02
1.132905e-01
1.291366e-01
5.557342e-02
1.678925e-02
-1.226097e-03
-1.325852e-02
-1.121346e-02
1.856659e-02
4.106109e-02
6.526907e-02
1.708800e-02
-3.725906e-03
-1.080541e-02
-3.711037e-02
-3.968392e-02
-1.929857e-02
-9.649289e-03
1.419880e-02
-1.491376e-02
-2.109366e-02
-1.891374e-02
-7.015316e-02
-5.514220e-02
-3.209262e-02
-1.125855e-02
3.102673e-03
-3.413925e-02
-4.121917e-02
-3.767880e-02
-9.907578e-02
-6.352634e-02
-3.177969e-02
2.488503e-02
4.965213e-02
-9.657661e-03
-2.619743e-02
-4.420023e-02
-1.254883e-01
-6.898003e-02
-1.069621e-02
7.136325e-02
9.182457e-02
2.159048e-03
-2.374631e-02
-4.819781e-02
-1.454646e-01
-6.008818e-02
-9.386546e-03
9.676353e-02
1.506054e-01
2.399775e-02
-2.184388e-02
-4.589300e-02
-1.517188e-01
-6.478312e-02
2.312322e-02
1.696723e-01
2.078775e-01
2.935235e-02
-2.164109e-02
-4.844695e-02
-1.442075e-01
-4.898599e-02
5.969540e-02
2.099362e-01
2.456119e-01
4.619711e-02
-2.509634e-02
-6.005112e-02
-1.268006e-01
-3.768517e-02
6.041049e-02
2.243797e-01
2.548410e-01
6.075421e-02
-3.079767e-02
-7.549067e-02
-9.250119e-02
-1.820733e-02
6.536027e-02
2.104401e-01
2.185665e-01
3.743451e-02
-5.424979e-02
-7.634638e-02
-6.374241e-02
-2.667312e-02
5.630881e-02
1.806078e-01
2.075861e-01
6.452012e-02
-4.049297e-03
-3.006170e-02
-2.095073e-02
1.304563e-02
9.256061e-02
1.880367e-01
2.321324e-01
1.140350e-01
2.606492e-02
-4.111501e-03
-4.486939e-03
2.722037e-02
9.894871e-02
1.747935e-01
2.338858e-01
1.402513e-01
5.068303e-02
5.853964e-03
4.769553e-03
3.243584e-02
1.022191e-01
1.675087e-01
2.495751e-01
1.803145e-01
6.872604e-02
1.764486e-02
-1.089054e-04
-5.583842e-04
1.559427e-03
-2.471623e-03
-9.782999e-03
-4.639836e-03
-4.783778e-03
-4.171091e-03
-1.261388e-03
-3.552074e-03
-5.492416e-03
-9.714299e-03
-1.455498e-02
-6.247952e-03
-5.413654e-03
-5.339590e-03
-3.640198e-03
-7.190921e-03
-7.879524e-03
-1.373328e-02
-1.695970e-02
-1.166108e-02
-9.838559e-03
-9.918335e-03
-6.859621e-03
-1.343193e-02
-1.368362e-02
-1.987287e-02
-1.997181e-02
-1.076814e-02
-5.701435e-03
-8.678271e-03
-2.610325e-02
-2.913364e-02
-2.367165e-02
-3.027528e-02
-3.323107e-02
-2.223173e-02
-1.272782e-02
-1.608207e-02
-5.052875e-02
-3.410147e-02
-2.825861e-02
-4.376905e-02
-4.105291e-02
-2.525107e-02
-1.768610e-02
-2.398712e-02
-6.506688e-02
-3.748585e-02
-3.406608e-02
-4.543966e-02
-4.063507e-02
-1.453619e-02
-1.290945e-02
-2.959530e-02
-7.735483e-02
-4.954065e-02
-4.525310e-02
-6.467640e-02
-4.485775e-02
-1.423810e-02
-1.387469e-02
-2.966503e-02
-7.778085e-02
-5.904355e-02
-5.500129e-02
-6.049190e-02
-3.036938e-02
-1.256026e-02
-2.152211e-02
-3.318614e-02
-6.704501e-02
-6.525536e-02
-5.562949e-02
-5.148572e-02
-3.749733e-02
-2.619173e-02
-3.449418e-02
-4.212516e-02
-4.360799e-02
-4.323704e-02
-4.407858e-02
-5.001687e-02
-3.640634e-02
-2.389412e-02
-2.644203e-02
-3.708540e-02
-2.782999e-02
-2.617673e-02
-2.629463e-02
-3.679400e-02
-2.630949e-02
-6.906797e-03
-9.182273e-03
-2.187963e-02
-1.714058e-02
-9.185046e-03
-1.099784e-02
-2.256613e-02
-1.929152e-02
2.338993e-04
-1.176153e-03
-4.140467e-03
-1.233242e-02
-5.207551e-03
-7.087172e-03
-1.564566e-02
-1.933388e-02
1.869463e-03
4.694626e-03
2.152908e-03
-6.840631e-03
7.052450e-05
1.472284e-03
-4.125050e-03
-1.063779e-02
7.181677e-03
8.843201e-03
2.978202e-03
-4.495473e-03
-1.816510e-03
3.404471e-03
6.578500e-03
1.051169e-03
9.450556e-03
5.516575e-03
-2.901811e-04
2.380932e-02
1.601171e-02
-1.618746e-03
-1.813677e-02
-1.659618e-02
-6.481096e-03
-3.057526e-03
-3.033427e-03
3.212701e-02
1.772079e-02
5.659099e-05
-1.492624e-02
-1.331094e-02
-4.328652e-03
-1.571972e-03
-1.868819e-03
4.608452e-02
2.546365e-02
4.338481e-03
-1.443391e-02
-1.358618e-02
-3.772594e-03
-2.304752e-03
-2.721875e-03
5.347750e-02
2.693875e-02
-2.553083e-03
-2.045125e-02
-7.963675e-03
7.024198e-03
-1.709676e-03
-6.714915e-03
5.511203e-02
1.864166e-02
-7.874438e-03
-1.748375e-02
1.007681e-03
7.676226e-03
-3.515894e-03
-5.453141e-03
4.824183e-02
1.736946e-02
5.521771e-03
-5.083912e-03
1.052617e-02
1.353628e-02
5.392990e-03
-2.059105e-03
3.943838e-02
2.748878e-02
2.349104e-02
1.253035e-02
2.579237e-02
2.794000e-02
1.402125e-02
-6.282846e-04
3.326622e-02
4.507049e-02
4.327908e-02
1.855297e-02
2.511591e-02
2.321845e-02
1.267484e-02
-2.379385e-03
3.362142e-02
6.618562e-02
6.055161e-02
2.991122e-02
2.669727e-02
2.183633e-02
7.815068e-03
-7.865118e-03
3.679607e-02
7.107540e-02
6.023572e-02
2.744193e-02
2.148504e-02
1.802606e-02
5.286394e-03
-1.002529e-02
4.168614e-02
6.830807e-02
5.961406e-02
2.795899e-02
2.453922e-02
2.283862e-02
8.491992e-03
-5.655287e-03
4.020441e-02
5.928494e-02
5.258205e-02
2.660857e-02
2.608126e-02
2.831686e-02
1.777830e-02
2.782664e-03
4.420045e-02
4.815751e-02
3.483690e-02
1.497409e-02
2.152142e-02
3.371011e-02
3.396839e-02
2.038778e-02
3.949907e-02
4.237432e-02
2.207905e-02
-3.028207e-03
5.463865e-03
2.418096e-02
3.235127e-02
2.554550e-02
3.353290e-02
2.953437e-02
1.174681e-02
-9.093902e-03
-3.370663e-03
1.359094e-02
2.842073e-02
2.524631e-02
2.136018e-02
2.392515e-02
6.726270e-03
-1.150552e-02
-1.421434e-02
-2.347728e-03
1.574780e-02
2.151626e-02
-1.945311e-03
6.910534e-03
5.570967e-02
1.008969e-01
7.346480e-02
2.431239e-02
2.575935e-03
-9.254079e-03
-1.102969e-02
6.426104e-04
5.449713e-02
1.148432e-01
9.195674e-02
1.421055e-02
-1.124231e-02
-2.221945e-02
-3.406145e-02
-1.672751e-02
2.583909e-02
9.710749e-02
8.592390e-02
-2.087234e-02
-4.679354e-02
-5.521030e-02
-5.577127e-02
-3.070969e-02
-2.379868e-02
7.444130e-02
5.061419e-02
-9.038712e-02
-1.055825e-01
-1.236005e-01
-1.014387e-01
-1.008970e-01
-1.381769e-01
-2.241814e-02
-5.416812e-02
-2.008086e-01
-1.684769e-01
-1.986163e-01
-1.871863e-01
-1.877909e-01
-1.426488e-01
2.588771e-02
1.425872e-02
-1.747175e-01
-1.669493e-01
-2.232272e-01
-2.761157e-01
-1.918860e-01
-1.045221e-01
4.939599e-02
4.869112e-02
-1.561842e-01
-1.878152e-01
-2.395083e-01
-2.971955e-01
-1.518698e-01
-1.003723e-01
6.984661e-02
6.161476e-02
-1.223319e-01
-1.749650e-01
-2.144844e-01
-3.332328e-01
-1.714327e-01
-1.113346e-01
7.825131e-02
6.825542e-02
-1.038022e-01
-1.893463e-01
-2.194556e-01
-3.244628e-01
-1.042957e-01
-4.749698e-02
1.063372e-01
9.657819e-02
-8.633739e-02
-2.253769e-01
-2.050664e-01
-3.021086e-01
-1.011165e-01
-7.138660e-02
7.510185e-02
5.599697e-02
-1.231378e-01
-2.452154e-01
-1.666450e-01
-2.541623e-01
-1.402998e-01
-9.220965e-02
2.208891e-02
-1.896417e-03
-1.331274e-01
-1.961272e-01
-1.221994e-01
-1.317791e-01
-7.597137e-02
-3.306959e-02
2.493261e-02
2.505248e-02
-7.525581e-02
-1.143273e-01
-7.493276e-02
-5.946047e-02
-5.496235e-02
-1.929521e-03
6.092421e-02
8.297580e-02
-4.838702e-03
-5.129866e-02
-3.008238e-02
-6.716533e-03
-4.016205e-03
4.054840e-02
9.244121e-02
1.164407e-01
1.645532e-02
-2.188735e-02
-1.272771e-02
-2.128193e-03
4.290665e-03
3.803218e-02
7.713785e-02
1.370256e-01
6.637304e-02
1.738114e-02
-1.268455e-03
-9.654988e-03
-9.547564e-03
-2.411472e-02
-3.413834e-02
-5.480073e-02
-4.676165e-02
-4.617343e-02
-3.393380e-02
-1.605317e-02
-1.573413e-02
-3.416450e-02
-3.298196e-02
-5.255096e-02
-3.901429e-02
-4.093522e-02
-3.903230e-02
-2.314342e-02
-1.971700e-02
-3.641929e-02
-3.184114e-02
-6.470224e-02
-4.726792e-02
-4.146090e-02
-3.839667e-02
-2.665050e-02
-2.154890e-02
-3.804227e-02
-4.802196e-02
-7.215763e-02
-3.758217e-02
-2.898100e-02
-3.239609e-02
-9.988491e-03
-2.089239e-02
-5.585419e-02
-6.931794e-02
-5.663136e-02
-1.661082e-02
-4.702474e-03
-1.224565e-02
3.271891e-02
-1.201422e-02
1.180872e-03
1.550752e-02
3.308400e-03
3.594310e-02
3.842086e-02
2.048023e-02
8.500293e-02
3.568272e-02
8.442885e-02
8.587243e-02
7.131620e-02
1.018788e-01
8.299807e-02
7.286997e-02
7.404138e-02
6.556241e-02
6.212791e-02
9.755956e-02
1.042579e-01
6.743376e-02
5.594818e-02
1.187213e-01
6.880982e-02
7.447396e-02
2.264964e-02
8.986462e-02
8.341121e-02
1.365484e-02
1.923796e-02
1.428420e-01
4.677188e-02
3.227090e-02
-1.827323e-02
3.123472e-02
2.604449e-02
-3.413078e-02
-2.955868e-02
1.267091e-01
-3.066400e-03
-3.422359e-02
-4.985895e-02
-2.768425e-02
-4.201585e-02
-6.789117e-02
-4.428551e-02
6.528405e-02
-4.826358e-02
-5.357100e-02
-5.932337e-02
-6.688848e-02
-6.857841e-02
-6.985863e-02
-4.091238e-02
5.910698e-03
-6.838785e-02
-4.830144e-02
-3.881464e-02
-4.753998e-02
-5.291147e-02
-4.881851e-02
-3.225193e-02
-1.730474e-02
-6.696639e-02
-5.125599e-02
-3.006643e-02
-3.908357e-02
-4.878358e-02
-3.030627e-02
-2.006595e-02
-1.616136e-02
-4.883337e-02
-4.371137e-02
-3.090500e-02
-4.117476e-02
-4.172287e-02
-2.029786e-02
-1.437277e-02
-1.125651e-02
-2.791816e-02
-4.242029e-02
-4.172085e-02
-4.039206e-02
-3.830702e-02
-2.368386e-02
-1.512050e-02
-9.639713e-03
-4.236362e-02
-8.247284e-02
-1.454818e-01
-1.699382e-01
-1.811015e-01
-1.732229e-01
-9.168126e-02
-4.519988e-02
-7.078555e-02
-1.053329e-01
-1.524569e-01
-1.313953e-01
-1.493664e-01
-1.676359e-01
-8.676088e-02
-6.450369e-02
-9.674578e-02
-1.664946e-01
-1.674595e-01
-8.829070e-02
-1.111147e-01
-1.294427e-01
-8.299184e-02
-8.243396e-02
-1.500783e-01
-2.143720e-01
-1.744194e-01
-1.163470e-01
-1.526296e-01
-1.698242e-01
-1.203239e-01
-1.041684e-01
-1.581201e-01
-2.201269e-01
-1.624968e-01
-4.362894e-02
-6.437483e-02
-1.270447e-01
-1.201576e-01
-1.347020e-01
-1.519999e-01
-2.487543e-01
-1.539120e-01
-6.783186e-02
-7.414497e-02
-1.038522e-01
-1.777354e-01
-1.576490e-01
-1.294285e-01
-2.041533e-01
-3.546321e-02
-5.407766e-02
-1.000886e-01
-2.140566e-01
-1.533994e-01
-1.093777e-01
-1.019694e-01
-5.186080e-02
4.002601e-02
-1.665002e-01
-2.628156e-01
-2.953296e-01
-8.181002e-02
-4.964545e-02
-9.455374e-02
6.046719e-03
-6.384756e-02
-3.169089e-01
-3.888895e-01
-2.783503e-01
-1.102482e-01
-3.962325e-02
-8.909895e-02
-7.226545e-02
-2.033339e-01
-3.473026e-01
-3.218760e-01
-1.645733e-01
-1.571935e-01
-6.017938e-02
-9.700064e-02
-2.198982e-01
-3.243020e-01
-3.121631e-01
-2.592870e-01
-2.068018e-01
-2.352353e-01
-9.298644e-02
3.650589e-03
-1.994028e-01
-3.283268e-01
-2.392352e-01
-1.821729e-01
-1.336944e-01
-1.596093e-01
-4.249443e-02
-8.552967e-03
-1.732739e-01
-2.767762e-01
-1.887935e-01
-1.549560e-01
-1.532460e-01
-1.930006e-01
-1.150083e-01
-3.669646e-02
-1.581185e-01
-2.178353e-01
-1.508273e-01
-1.319466e-01
-1.388285e-01
-1.448197e-01
-9.364725e-02
-4.640496e-02
-1.480886e-01
-1.820781e-01
-1.313263e-01
-1.523721e-01
-1.736765e-01
-1.412782e-01
-7.643122e-02
-4.080771e-02
-1.245800e-01
-2.066512e-01
-2.071910e-01
-2.203513e-01
-1.911914e-01
-1.137815e-01
-4.000045e-02
2.735928e-03
5.057835e-03
4.900894e-03
8.403138e-03
1.523537e-03
-1.307022e-02
-2.741283e-03
-8.101547e-04
4.793566e-03
1.551583e-02
3.979545e-02
5.099934e-02
4.563501e-02
2.586716e-02
1.825930e-02
6.535660e-03
2.350622e-02
6.034553e-02
9.536692e-02
1.140619e-01
1.201704e-01
1.070308e-01
7.076526e-02
3.700963e-02
6.084843e-02
1.261190e-01
1.668834e-01
1.693859e-01
1.800153e-01
1.734832e-01
1.481827e-01
1.058483e-01
1.249614e-01
2.153274e-01
2.336253e-01
2.077069e-01
1.949435e-01
2.056969e-01
2.229336e-01
2.360764e-01
2.160360e-01
2.603529e-01
1.854922e-01
1.236676e-01
8.563137e-02
1.231278e-01
2.043665e-01
3.643843e-01
3.226729e-01
2.251407e-01
7.726897e-02
2.157866e-02
-1.561028e-02
2.098395e-02
1.289379e-01
4.598262e-01
4.111454e-01
1.171810e-01
-5.637515e-03
-3.593654e-02
-3.415541e-02
-8.316634e-03
4.615989e-02
4.925222e-01
4.545159e-01
5.280340e-02
-2.336085e-02
-4.225613e-02
-1.907519e-02
-3.733048e-03
6.619908e-02
4.914681e-01
4.637652e-01
3.946112e-02
-2.903787e-02
-3.026403e-02
1.166609e-03
4.355764e-02
1.666928e-01
4.344500e-01
4.428451e-01
9.765406e-02
2.284405e-02
2.561105e-02
6.998394e-02
1.541710e-01
2.590129e-01
3.128427e-01
3.552851e-01
1.617621e-01
1.081986e-01
1.299649e-01
1.806802e-01
2.367450e-01
2.430275e-01
1.626126e-01
2.250728e-01
1.680504e-01
1.431115e-01
1.596031e-01
1.860945e-01
1.869026e-01
1.482822e-01
6.211073e-02
1.067241e-01
1.106468e-01
1.089410e-01
1.247086e-01
1.231500e-01
1.069473e-01
6.515415e-02
1.259072e-02
3.507673e-02
4.619959e-02
3.958507e-02
5.574091e-02
6.347655e-02
5.498697e-02
2.022910e-02
2.182610e-04
5.483313e-03
2.126344e-02
2.237411e-02
3.557878e-02
3.164776e-02
1.456542e-02
8.201604e-05
-5.203732e-03
6.442651e-03
3.535922e-02
7.413133e-02
7.612931e-02
9.014075e-02
1.023646e-01
5.331371e-02
7.949627e-03
2.526509e-02
5.030003e-02
7.432044e-02
2.814336e-02
2.519537e-02
7.561078e-02
8.430202e-02
3.073519e-02
3.793073e-02
5.329395e-02
6.628476e-02
4.186574e-03
1.576101e-03
3.777199e-02
8.163660e-02
5.238428e-02
3.402937e-02
5.080209e-02
5.496268e-02
-2.001468e-02
-2.293593e-02
9.865502e-03
6.488199e-02
5.703798e-02
1.032804e-02
3.494742e-02
4.325013e-02
-3.432161e-02
-3.567156e-02
8.906810e-03
5.271741e-02
5.044984e-02
-1.552866e-02
3.495915e-02
5.008518e-02
-3.967622e-03
-6.695795e-03
3.571404e-02
4.147149e-02
3.406819e-02
-1.733769e-02
4.871337e-02
6.209984e-02
1.854335e-02
-3.192595e-03
4.119265e-02
2.450946e-02
3.897544e-03
-2.730456e-02
4.256044e-02
6.586686e-02
2.351185e-02
-5.920806e-03
2.063286e-02
1.814103e-03
-2.367357e-02
-2.936372e-02
4.527654e-02
5.835812e-02
1.328305e-02
-2.600939e-02
-9.163946e-03
-2.476653e-02
-4.712974e-02
-3.295548e-02
4.436589e-02
6.188589e-02
1.067086e-02
-3.328309e-02
-2.559409e-02
-3.565296e-02
-5.169304e-02
-2.365021e-02
3.307869e-02
4.635082e-02
-1.100170e-02
-5.796771e-02
-3.632206e-02
-4.862267e-02
-5.390366e-02
-9.831445e-03
3.340841e-02
4.954898e-02
-1.646542e-02
-6.758693e-02
-4.885538e-02
-5.961631e-02
-4.931439e-02
-2.858097e-03
1.645038e-02
2.572803e-02
-3.015849e-02
-5.154410e-02
-3.764327e-02
-4.386948e-02
-2.684328e-02
1.870435e-02
3.102574e-02
3.236611e-02
-2.078370e-02
-3.645858e-02
-3.114774e-02
-3.239376e-02
-1.966755e-02
2.273072e-02
2.518826e-02
3.362174e-02
-1.261335e-02
-3.699884e-02
-1.564493e-02
-2.755530e-02
-1.599065e-02
1.911877e-02
1.963212e-02
3.634416e-02
1.088038e-03
-3.516233e-02
-2.132591e-02
-2.462566e-02
-9.491698e-03
-6.981343e-03
-7.458107e-03
-1.515014e-02
-3.830258e-02
-4.257014e-02
-4.972502e-02
-3.866980e-02
-1.748702e-02
-1.243786e-02
-1.115298e-02
-1.842354e-02
-3.540402e-02
-3.778143e-02
-4.933396e-02
-5.513830e-02
-4.016450e-02
-1.254447e-02
-2.553698e-02
-6.344644e-02
-8.098582e-02
-5.696287e-02
-5.841422e-02
-6.614403e-02
-7.033209e-02
-3.086944e-02
-5.788920e-02
-9.593559e-02
-1.189900e-01
-9.764934e-02
-1.123436e-01
-1.123347e-01
-9.194167e-02
-4.783324e-02
-7.486081e-02
-9.386674e-02
-9.631389e-02
-7.823238e-02
-9.385348e-02
-1.000198e-01
-1.038253e-01
-8.051766e-02
-9.905587e-02
-1.016057e-01
-8.589302e-02
-1.006622e-01
-8.963405e-02
-8.120293e-02
-1.048542e-01
-1.178276e-01
-1.105279e-01
-1.184506e-01
-1.227011e-01
-1.232082e-01
-7.473047e-02
-6.601115e-02
-9.310730e-02
-1.463702e-01
-1.191782e-01
-1.387389e-01
-1.277172e-01
-8.544615e-02
-4.984706e-02
-4.218375e-02
-7.805634e-02
-1.776864e-01
-1.412889e-01
-1.424887e-01
-1.141288e-01
-5.265797e-02
-3.728360e-02
-3.185226e-02
-7.998455e-02
-1.955065e-01
-1.371336e-01
-1.166822e-01
-8.074755e-02
-2.835768e-02
-1.778694e-02
-2.111229e-02
-7.906641e-02
-2.057834e-01
-1.317509e-01
-8.191221e-02
-8.795172e-02
-3.652906e-02
-2.056403e-02
-2.734476e-02
-7.924216e-02
-1.909903e-01
-1.479804e-01
-1.100876e-01
-1.166437e-01
-7.002086e-02
-4.225876e-02
-4.984177e-02
-8.895310e-02
-1.427543e-01
-1.330932e-01
-1.504683e-01
-1.474371e-01
-9.222099e-02
-6.221604e-02
-8.719836e-02
-7.187024e-02
-9.597800e-02
-7.392647e-02
-1.103172e-01
-1.293177e-01
-9.659288e-02
-8.065706e-02
-6.737874e-02
-3.252953e-02
-5.837909e-02
-5.939765e-02
-7.890043e-02
-7.923217e-02
-2.847752e-02
-1.772310e-02
-9.288955e-03
-7.907254e-03
-2.732930e-02
-3.977603e-02
-5.052152e-02
-5.929465e-02
-2.072213e-02
-5.703685e-03
1.737917e-03
-4.638850e-03
2.383538e-03
-1.556579e-02
-3.463110e-02
-7.788039e-03
8.708724e-03
1.835808e-02
2.918035e-02
3.217413e-02
5.060484e-03
-1.043576e-02
-3.497020e-02
-9.213832e-03
8.243131e-03
1.074338e-02
3.364494e-03
1.502983e-02
1.559707e-02
-5.178505e-03
-4.020547e-02
-2.680992e-02
-1.461421e-02
-1.027599e-02
-2.148236e-03
2.838885e-02
4.182001e-02
2.498486e-02
-1.686400e-02
-4.697837e-03
1.317288e-02
1.668120e-02
5.804481e-03
3.504933e-02
9.419629e-02
4.524407e-02
8.886566e-03
2.949794e-02
4.326118e-02
4.724765e-02
2.244736e-02
3.452413e-02
1.263798e-01
6.848223e-02
3.984656e-02
2.994251e-02
2.694012e-02
7.627818e-03
-2.152194e-02
-7.908880e-03
1.291956e-01
7.222750e-02
3.678763e-02
1.449012e-03
-1.086500e-02
-3.178132e-02
-7.628159e-02
-5.154096e-02
1.046232e-01
8.588934e-02
4.781008e-02
-1.653590e-02
-3.456282e-02
-6.062672e-02
-8.117022e-02
-6.669132e-02
9.561901e-02
1.369370e-01
9.253070e-02
-1.170629e-02
-4.026526e-02
-5.325363e-02
-5.960690e-02
-6.984468e-02
7.705359e-02
1.387670e-01
8.760794e-02
-1.074703e-02
-4.047113e-02
-5.456112e-02
-5.297077e-02
-7.492028e-02
7.595293e-02
1.252326e-01
6.963598e-02
-4.905265e-03
-2.583164e-02
-3.824260e-02
-4.536199e-02
-7.676767e-02
5.858979e-02
9.977762e-02
5.790115e-02
2.542434e-03
-3.089577e-02
-3.627738e-02
-3.928332e-02
-8.169986e-02
4.161976e-02
5.660746e-02
1.854388e-02
-1.169091e-02
-3.987989e-02
-5.357681e-02
-5.240506e-02
-8.182055e-02
1.131870e-02
7.287154e-03
-3.326656e-03
-1.294352e-02
-3.890846e-02
-4.693093e-02
-5.330490e-02
-6.451441e-02
9.319075e-03
-6.250467e-03
-2.384772e-02
-3.570846e-02
-6.067544e-02
-6.521199e-02
-6.205057e-02
-3.751397e-02
3.116292e-03
-4.931838e-03
-2.772810e-02
-4.474850e-02
-6.275131e-02
-6.373238e-02
-4.125178e-02
-1.404355e-02
-3.878832e-03
1.426635e-03
-2.396170e-03
-1.988014e-02
-1.678186e-05
1.174676e-02
6.800919e-03
2.823803e-03
-4.760210e-03
2.728088e-04
4.688017e-03
-1.433803e-02
-3.813237e-03
6.967957e-03
4.267697e-04
-3.628794e-03
-4.681921e-03
1.180574e-02
2.295424e-02
-2.261498e-02
-1.909481e-02
-1.677499e-02
-2.398873e-02
-2.189572e-02
3.982195e-03
1.678261e-02
4.790761e-03
-5.532921e-02
-1.662130e-02
3.625898e-04
-1.967655e-02
-3.738663e-02
8.825765e-03
-4.071646e-03
-3.640704e-02
-7.100070e-02
-3.561024e-02
-2.159662e-02
-4.305728e-02
-5.713807e-02
-3.166210e-02
-4.779306e-02
-3.484013e-02
-6.509259e-02
-5.263023e-02
-2.736211e-02
-3.685504e-02
-7.183953e-02
-8.648913e-02
-4.565633e-02
1.856294e-02
-3.001596e-02
-1.989934e-02
-1.501961e-02
-2.918816e-02
-7.477724e-02
-1.542254e-01
-4.368069e-02
3.471919e-02
1.492564e-02
1.148715e-02
8.612628e-03
-1.276146e-02
-6.394027e-02
-1.929890e-01
-5.940382e-02
-1.662636e-02
-2.141953e-02
3.086905e-02
5.182307e-02
3.671168e-02
-1.253208e-02
-1.976424e-01
-7.752250e-02
-4.889770e-02
-5.727838e-02
-9.697554e-03
3.040043e-02
3.668370e-02
2.692190e-02
-1.782156e-01
-7.897152e-02
-4.549309e-02
-7.094280e-02
-3.917561e-02
7.377586e-03
1.850108e-02
3.981052e-02
-1.272198e-01
-8.388331e-02
-4.045025e-02
-5.350353e-02
-3.185985e-02
4.081628e-03
8.598755e-03
2.599585e-02
-4.901102e-02
-4.412139e-02
-8.951704e-03
-3.881538e-02
-5.435073e-02
-1.194231e-02
1.087340e-02
2.649440e-02
-1.392869e-02
-2.182044e-02
-6.889874e-03
-3.587413e-02
-4.651564e-02
1.815805e-02
2.085080e-02
9.929338e-03
2.514241e-03
4.949845e-03
1.307419e-03
-1.779299e-02
-2.654961e-02
1.625156e-02
1.000559e-02
5.413864e-03
1.313021e-02
1.754582e-02
1.445150e-02
-4.456718e-03
-2.618102e-02
3.100475e-03
3.664202e-03
-1.187861e-03
-8.145458e-03
-4.235085e-03
-4.879490e-04
1.078041e-02
6.557167e-03
1.019158e-03
5.971057e-03
6.582670e-03
-1.257905e-02
-8.493732e-03
9.538844e-03
2.717214e-02
2.122428e-02
6.481888e-03
-3.412217e-05
-3.614718e-03
-1.646452e-02
-1.055833e-02
1.232242e-02
3.305355e-02
2.379040e-02
9.899484e-03
-2.855587e-03
-1.286382e-02
-2.207399e-02
-7.865475e-03
1.873702e-02
3.792841e-02
2.487497e-02
1.809860e-02
1.196754e-03
-1.464138e-02
-2.489231e-02
-5.013643e-03
1.649907e-02
4.697339e-02
3.988450e-02
3.580580e-02
3.564302e-03
-1.044721e-02
-1.303200e-02
6.450638e-03
2.318214e-02
7.445459e-02
7.962089e-02
3.885951e-02
5.611200e-03
6.034670e-03
7.736824e-03
2.124098e-02
3.562078e-02
8.438851e-02
9.470643e-02
6.357100e-02
1.829333e-02
1.879027e-02
1.194413e-02
1.412838e-02
3.275396e-02
7.463275e-02
8.941610e-02
5.680593e-02
5.921628e-03
1.174254e-02
1.361334e-02
3.148088e-02
3.687197e-02
8.210326e-02
1.027487e-01
6.512458e-02
1.357163e-02
2.822154e-03
-1.399027e-02
8.108653e-04
1.199101e-02
6.478407e-02
8.646391e-02
2.792235e-02
-1.713462e-02
-3.013736e-02
-3.378391e-02
-3.997154e-02
-1.550987e-02
4.644725e-02
7.601795e-02
2.094061e-02
-1.558519e-02
-4.662520e-02
-3.539510e-02
-5.239581e-02
-1.336032e-02
4.057702e-02
7.163128e-02
9.713316e-03
-1.783509e-02
-4.673224e-02
-3.757835e-02
-5.088097e-02
-2.051010e-02
3.084850e-02
6.453984e-02
1.178672e-02
-7.049243e-03
-2.578242e-02
-3.594380e-02
-3.673472e-02
-1.409600e-02
2.413923e-02
4.268457e-02
5.887393e-03
-7.138036e-03
-8.917454e-03
-2.862665e-02
-3.633366e-02
-1.667447e-02
8.980816e-03
2.691997e-02
7.826678e-03
2.450729e-03
1.800612e-03
-1.183255e-02
-2.839463e-02
-2.441063e-02
-5.675699e-03
1.864401e-02
1.544179e-02
9.999173e-03
1.657195e-03
-6.177445e-03
-1.574094e-02
-4.032688e-02
-8.946436e-02
-8.534253e-02
-4.910286e-02
-2.818286e-02
-1.355589e-02
-3.605728e-03
-2.462792e-02
-5.535321e-02
-9.302412e-02
-7.745412e-02
-5.731633e-02
-3.410994e-02
-1.471539e-02
1.934537e-02
-2.720595e-02
-6.817268e-02
-1.165698e-01
-9.778144e-02
-6.934688e-02
-4.102200e-02
1.137685e-03
5.687360e-02
-5.190109e-02
-8.758666e-02
-1.138649e-01
-7.375351e-02
-3.402374e-02
-9.709477e-03
2.785476e-02
9.544458e-02
-1.015817e-01
-1.173476e-01
-1.230190e-01
-7.781091e-02
-5.747829e-03
2.166706e-02
5.481768e-02
1.072720e-01
-7.669973e-02
-5.100723e-02
-5.906859e-02
-5.602732e-02
2.121308e-02
4.656743e-02
7.341957e-02
1.048559e-01
-3.910392e-02
-5.060490e-02
-6.901093e-02
-7.017179e-02
2.461563e-02
6.404828e-02
8.151953e-02
1.031228e-01
-6.026404e-03
-4.950835e-02
-6.390737e-02
-5.222669e-02
6.635009e-02
8.970466e-02
8.233459e-02
9.486525e-02
9.384561e-04
-5.922691e-02
-4.425174e-02
-2.207177e-02
9.376831e-02
1.191413e-01
7.286951e-02
8.137416e-02
5.334708e-02
-8.737634e-03
-9.902558e-03
-3.449986e-03
1.101251e-01
1.435874e-01
7.209042e-02
5.296379e-02
7.154648e-02
5.573188e-02
4.236180e-02
-5.299479e-03
7.032920e-02
1.025737e-01
6.846098e-02
1.944541e-02
3.480098e-02
3.021947e-02
-1.424926e-02
-6.261882e-02
-9.480209e-03
3.257609e-02
6.086336e-02
-5.701302e-04
4.770758e-03
2.002080e-03
-3.829921e-02
-5.980829e-02
4.575111e-03
3.112227e-02
4.812379e-02
-1.562833e-02
-1.730359e-02
-2.503464e-02
-4.564663e-02
-7.407698e-02
-1.758062e-02
-7.854393e-03
1.857259e-03
-1.614984e-02
-2.577540e-02
-4.053295e-02
-5.899902e-02
-9.584700e-02
-3.537334e-02
-2.157039e-02
-9.160718e-03
-1.057465e-02
-1.948816e-02
-2.945605e-02
-5.245400e-02
-8.267625e-02
-2.614667e-02
-1.517813e-02
-9.612020e-03
-1.703392e-03
-8.169762e-03
-1.982187e-02
-2.426188e-02
-2.875914e-02
-2.333233e-02
-1.281755e-02
-7.206629e-04
2.669490e-03
-1.014364e-02
-2.165138e-02
-2.427436e-02
-3.054714e-02
-2.604861e-02
-2.041149e-02
5.501384e-03
7.291800e-03
-1.038350e-02
-3.420810e-02
-5.171533e-02
-5.824078e-02
-5.361690e-02
-2.988602e-02
1.126609e-02
3.246192e-03
-1.878564e-02
-5.993739e-02
-6.248497e-02
-5.305121e-02
-4.998807e-02
-1.595110e-02
1.072361e-02
-1.397289e-02
-5.690540e-02
-8.733058e-02
-6.748706e-02
-8.200998e-02
-7.552893e-02
-1.658799e-02
-8.304680e-03
-5.023765e-02
-6.663222e-02
-5.528266e-02
-4.284278e-02
-8.438210e-02
-5.800959e-02
-5.977188e-03
-3.232060e-02
-7.925509e-02
-2.591637e-02
-4.161043e-02
-4.945549e-02
-7.688486e-02
-3.411024e-02
-7.260418e-03
-5.195069e-02
-1.031174e-01
-5.057896e-03
-4.230353e-02
-4.511486e-02
-5.593027e-02
-2.548529e-02
-2.534479e-02
-6.477042e-02
-1.207394e-01
-9.192835e-03
-2.561880e-02
-2.806274e-02
-4.937109e-02
-3.652442e-02
-3.830992e-02
-7.852892e-02
-1.270141e-01
-2.965678e-02
-1.737073e-02
-1.695541e-02
-4.375262e-02
-4.409710e-02
-4.154344e-02
-8.523774e-02
-1.186890e-01
-7.874439e-02
-3.423257e-02
-2.590191e-02
-3.803466e-02
-3.517669e-02
-5.972729e-02
-9.593364e-02
-9.478380e-02
-8.259655e-02
-3.552682e-02
-3.398455e-02
-2.257113e-02
-2.908776e-02
-5.324131e-02
-8.116922e-02
-7.285687e-02
-6.831588e-02
-3.418832e-02
-2.991953e-02
-1.275133e-02
-2.434479e-02
-3.969565e-02
-5.411532e-02
-4.590268e-02
-4.090581e-02
-2.298458e-02
-1.402815e-02
-9.715745e-03
-2.523917e-02
-3.037722e-02
-2.487205e-02
-3.680717e-02
-3.363500e-02
-2.088090e-02
-1.493265e-02
-1.708866e-02
-2.357966e-02
-1.616193e-02
-1.039462e-02
-2.395897e-02
-3.208459e-02
-2.890411e-02
-2.558041e-02
-1.765484e-02
-1.483439e-02
-1.079893e-02
-5.317597e-03
-2.609603e-03
-5.207817e-03
-7.919188e-03
-1.362504e-02
-1.444446e-02
-1.365287e-02
-1.212548e-02
-7.734831e-03
-4.846566e-03
-7.842584e-03
-1.191232e-02
-1.276635e-02
-1.328221e-02
-1.089535e-02
-1.010689e-02
-6.219132e-03
-7.662974e-03
-1.167136e-02
-1.561755e-02
-1.632955e-02
-2.089374e-02
-1.400635e-02
-1.324951e-02
-6.312348e-03
-8.772038e-03
-1.733922e-02
-2.485477e-02
-2.413116e-02
-3.269368e-02
-2.290357e-02
-1.879886e-02
-5.145646e-03
-4.606640e-03
-2.953905e-02
-3.314208e-02
-3.373122e-02
-3.448628e-02
-1.788316e-02
-1.057040e-02
1.546663e-02
1.094943e-02
-3.941952e-02
-2.775142e-02
-2.653401e-02
-1.970620e-02
-1.626464e-02
-2.084630e-03
4.107006e-02
1.772068e-02
-3.865378e-02
-1.094897e-02
-6.688087e-04
-5.722673e-03
-1.225995e-02
-1.968367e-04
5.329792e-02
2.296501e-02
-2.016605e-02
4.203593e-03
2.213017e-02
6.724143e-03
-8.079725e-03
-5.004717e-04
4.933026e-02
2.094317e-02
-1.288759e-02
1.330915e-02
2.553264e-02
1.204806e-02
-1.865575e-03
1.000957e-02
4.236107e-02
1.457278e-02
7.377104e-03
3.053119e-02
1.797123e-02
1.732553e-02
1.771237e-02
2.480157e-02
2.774557e-02
2.431785e-03
1.321055e-02
1.178891e-02
-2.457586e-03
1.046372e-02
1.944396e-02
1.537674e-02
2.791526e-03
-1.326650e-02
7.205022e-05
-1.181465e-02
-1.386455e-02
-8.385070e-03
-7.128932e-03
-8.786186e-03
-1.182140e-02
-2.337764e-02
-1.905693e-02
-2.357274e-02
-2.523638e-02
-2.456448e-02
-2.053520e-02
-2.024473e-02
-1.421800e-02
-1.753718e-02
-1.986938e-02
-1.877820e-02
-1.761956e-02
-1.891244e-02
-1.142598e-02
-1.256738e-02
-8.794769e-03
-1.060526e-02
-1.244509e-02
-1.249096e-02
-1.236744e-02
-1.398662e-02
-8.940357e-03
-7.548988e-03
-4.215715e-03
-6.353945e-03
-8.775920e-03
-1.052674e-02
-1.357015e-02
-1.392369e-02
-8.671898e-03
-6.308957e-03
-4.064555e-03
-6.507959e-03
-1.319345e-02
-3.207058e-02
-4.139563e-02
-4.283827e-02
-3.425239e-02
-1.785045e-02
-6.629048e-03
-8.058433e-03
-2.039927e-02
-2.725729e-02
-2.798971e-02
-2.331662e-02
-1.976615e-02
-1.032801e-02
-3.684394e-03
-9.288716e-03
-2.188562e-02
-2.564007e-02
-2.403098e-02
-2.098024e-02
-1.676983e-02
-4.185461e-03
5.299805e-04
-7.670035e-03
-2.029227e-02
-2.563708e-02
-1.877985e-02
-2.024239e-02
-1.484110e-02
4.181186e-03
3.619649e-03
-1.196531e-02
-2.141619e-02
-1.903256e-02
-1.833683e-02
-2.007781e-02
-1.183552e-02
6.101303e-04
-3.735564e-03
-3.409430e-02
-1.331198e-02
-5.717732e-03
-2.524547e-02
-1.553526e-02
-1.101354e-02
-2.302620e-02
-1.829908e-02
-5.264673e-02
-7.617586e-03
-1.072853e-02
-1.591672e-02
-7.108692e-03
-1.981421e-02
-3.960957e-02
-2.669426e-02
-6.754051e-02
-1.532985e-02
-4.663661e-03
1.415349e-02
8.850246e-03
-2.276998e-02
-4.361432e-02
-3.312462e-02
-6.784260e-02
-2.077997e-02
-4.899504e-05
1.544017e-02
7.805667e-03
-2.034872e-02
-3.402354e-02
-3.852953e-02
-5.705671e-02
-1.629744e-02
9.838531e-04
-1.031033e-02
-1.799961e-05
-6.389134e-03
-1.928398e-02
-4.259712e-02
-3.451248e-02
6.836093e-04
-1.244523e-02
-2.534462e-02
-7.595674e-03
1.486853e-03
-4.700168e-04
-3.230920e-02
-1.920969e-02
4.252575e-03
-1.364024e-02
-1.770676e-02
-7.498593e-03
-7.927371e-03
-6.170011e-03
-2.492982e-02
-8.667816e-03
-1.589402e-03
-1.797761e-02
-1.979794e-02
-1.407351e-02
-1.904123e-02
-1.812635e-02
-2.397274e-02
-8.717656e-03
-9.139771e-03
-2.179504e-02
-2.800627e-02
-1.585117e-02
-2.041677e-02
-1.727558e-02
-1.842044e-02
-1.050691e-02
-1.222278e-02
-2.040963e-02
-3.155631e-02
-2.192392e-02
-2.968646e-02
-2.425399e-02
-1.518879e-02
-9.777281e-03
-1.402619e-02
-2.293938e-02
-3.672537e-02
-3.971978e-02
-3.981274e-02
-2.015147e-02
-1.243918e-02
2.518805e-02
2.757580e-02
6.462950e-03
-1.353266e-02
-1.311178e-02
1.285230e-02
3.630978e-02
3.768601e-02
3.252348e-02
4.550618e-02
2.512656e-02
-1.464724e-03
-6.546178e-04
2.886881e-02
4.906741e-02
5.285688e-02
2.969043e-02
4.241703e-02
3.505108e-02
1.019242e-02
9.552630e-03
4.405810e-02
6.498067e-02
5.528274e-02
2.639932e-02
3.146506e-02
3.200822e-02
3.014356e-02
3.347352e-02
6.227029e-02
7.485892e-02
4.534651e-02
1.556773e-02
1.919369e-02
2.799561e-02
3.209249e-02
4.993586e-02
8.283213e-02
7.076455e-02
2.867347e-02
-4.560802e-04
9.114731e-03
1.918110e-02
3.025587e-02
6.083215e-02
8.737646e-02
5.525131e-02
2.078346e-02
-1.625997e-02
-8.337646e-03
-4.887005e-04
1.968145e-02
6.678738e-02
7.421841e-02
4.327746e-02
1.762939e-02
-2.506528e-02
-1.246587e-02
-1.247292e-02
7.767105e-03
5.697969e-02
4.657928e-02
3.590314e-02
1.097415e-02
-2.684919e-02
-9.027195e-03
-1.113678e-03
6.935558e-03
3.135842e-02
2.859231e-02
2.011970e-02
3.209831e-03
-2.324027e-02
-2.018680e-03
2.134326e-02
9.978803e-03
1.843640e-02
1.737257e-02
1.701941e-02
3.212777e-03
-1.102583e-02
1.858455e-02
3.545544e-02
-2.057346e-03
-1.130883e-03
9.877263e-03
1.506142e-02
7.524611e-03
4.871870e-04
2.752441e-02
2.824801e-02
-1.559347e-03
-1.320464e-02
3.198766e-03
1.592942e-02
1.037522e-02
2.578194e-02
3.317771e-02
2.326298e-02
4.864459e-03
-1.762235e-02
3.545090e-03
1.902845e-02
1.324167e-02
3.598454e-02
3.226276e-02
2.617492e-02
6.988467e-03
-1.496700e-02
2.158619e-03
1.469251e-02
1.213849e-02
3.498581e-02
3.077329e-02
2.747494e-02
1.042755e-02
-7.130958e-03
-1.597892e-04
1.053821e-02
1.032000e-02
2.865689e-02
3.349798e-02
3.321603e-02
2.225700e-02
3.106298e-04
-9.967181e-04
9.050716e-03
6.285388e-03
-1.142426e-02
-2.332512e-02
-3.556729e-02
-6.077564e-02
-8.370951e-02
-5.289396e-02
-4.095687e-02
-2.052285e-02
-1.221814e-02
-2.467311e-02
-4.024538e-02
-5.005017e-02
-6.486934e-02
-5.617603e-02
-6.031907e-02
-3.444291e-02
-2.495412e-02
-3.425835e-02
-5.811749e-02
-6.275830e-02
-1.108233e-01
-9.866480e-02
-1.013187e-01
-7.862082e-02
-3.321415e-02
-7.053025e-02
-8.756798e-02
-9.639622e-02
-1.750614e-01
-1.571070e-01
-1.496961e-01
-9.752716e-02
-5.002773e-02
-7.405483e-02
-6.011490e-02
-1.472082e-01
-1.678064e-01
-1.261243e-01
-1.438074e-01
-9.779103e-02
-9.086618e-02
-8.143195e-02
-1.429587e-01
-1.832914e-01
-1.140209e-01
-1.337279e-01
-1.488812e-01
-9.265619e-02
-1.679048e-01
-1.378062e-01
-1.919971e-01
-1.681475e-01
-9.712735e-02
-1.439250e-01
-1.249513e-01
-8.991838e-02
-2.128025e-01
-1.519068e-01
-1.441665e-01
-1.365769e-01
-1.504808e-01
-1.428945e-01
-8.614430e-02
-8.326736e-02
-2.593176e-01
-1.429257e-01
-1.153066e-01
-1.090686e-01
-1.520720e-01
-1.303875e-01
-8.389865e-02
-8.722670e-02
-2.455635e-01
-7.869657e-02
-7.508474e-02
-8.161859e-02
-1.425635e-01
-1.391513e-01
-7.533380e-02
-8.948784e-02
-2.119147e-01
-6.937979e-02
-7.204473e-02
-1.065661e-01
-1.164837e-01
-1.151913e-01
-7.099887e-02
-7.344360e-02
-1.833760e-01
-9.821312e-02
-6.737223e-02
-1.052403e-01
-6.956657e-02
-7.513810e-02
-6.429926e-02
-7.833474e-02
-1.398866e-01
-1.321363e-01
-1.233837e-01
-1.466595e-01
-1.091184e-01
-9.392898e-02
-7.285392e-02
-6.966623e-02
-6.963085e-02
-8.572453e-02
-1.052198e-01
-1.304546e-01
-1.109533e-01
-8.672708e-02
-6.543498e-02
-3.991460e-02
-2.698432e-02
-3.415003e-02
-4.951947e-02
-7.746610e-02
-6.362646e-02
-2.863209e-02
-2.694763e-02
-1.432887e-02
-1.788124e-02
-3.689234e-02
-6.006936e-02
-7.281777e-02
-6.293435e-02
-2.430476e-02
-1.684112e-02
-7.119749e-03
-5.509150e-03
-3.446133e-03
5.962057e-02
-1.155055e-02
1.216131e-02
-8.282314e-03
-2.424748e-03
1.941761e-02
3.887522e-02
-3.372700e-03
1.843718e-02
4.203170e-03
3.034996e-02
-2.425228e-02
1.504820e-02
1.858827e-02
-8.734475e-03
6.947505e-02
-9.904491e-03
1.890549e-02
1.061766e-02
-9.333998e-03
1.877727e-02
-3.366879e-03
-2.832095e-03
8.016814e-04
1.018495e-01
1.969590e-02
-1.659683e-03
-6.692094e-03
-3.455089e-03
-4.613596e-03
-2.612521e-03
-2.151273e-03
-3.844955e-03
-2.552754e-03
-1.326718e-03
-1.071633e-02
1.694103e-02
-2.258758e-02
1.950790e-02
-3.932630e-03
-1.014927e-02
1.295780e-02
-3.713117e-03
-3.584726e-03
-4.855924e-03
-3.196488e-03
-1.227543e-03
-3.081361e-03
-1.219205e-03
-8.188668e-03
5.467291e-02
-1.754065e-03
1.122692e-02
-7.095566e-03
7.270000e-02
-2.942292e-03
-2.604516e-03
-2.549245e-03
5.860872e-02
-1.685020e-03
-1.303464e-03
1.120531e-02
-3.906254e-03
1.828134e-02
-2.219918e-03
-4.433419e-03
-5.574668e-03
-4.188509e-03
-5.839537e-03
-5.378348e-03
-1.047515e-02
-5.155610e-03
-1.230753e-03
-2.148772e-03
-1.839413e-03
-1.475093e-02
1.371472e-02
-9.768991e-03
-6.653409e-03
-7.901363e-03
8.746171e-02
-1.882809e-02
-1.569315e-02
-1.182294e-02
1.198015e-02
-1.486017e-02
-4.061461e-03
-2.293096e-02
-1.550584e-02
-6.709072e-02
-1.432919e-02
-2.065877e-02
-2.929177e-02
-1.914281e-02
-2.578173e-02
-9.238067e-03
-2.176152e-02
-2.027386e-02
-5.874321e-03
-1.256421e-02
-6.500267e-03
-3.157626e-02
-2.453787e-03
-2.564600e-03
1.840463e-02
1.277742e-02
1.442047e-02
1.113382e-02
9.442681e-03
9.910644e-03
1.318679e-02
1.312493e-02
3.745661e-02
1.023488e-01
2.777967e-02
3.666415e-02
-1.700343e-03
1.323996e-02
-9.933917e-03
1.705457e-02
7.061407e-03
6.092371e-02
2.635354e-03
3.945192e-02
-1.195497e-03
-3.186690e-03
-1.393629e-03
-4.724860e-04
1.152681e-02
-3.637605e-03
-3.129285e-03
-1.774055e-02
-5.663200e-03
1.427524e-02
-6.563439e-03
-4.157682e-03
2.737317e-02
-3.899504e-03
-1.755589e-03
-1.567574e-02
4.984319e-03
-4.058457e-02
-2.783507e-03
-5.665998e-03
-8.808908e-03
-7.063392e-03
3.845436e-03
7.678932e-03
1.082991e-02
-6.278407e-03
-1.914135e-03
-4.881339e-03
-5.122191e-03
-1.318525e-02
-3.253413e-03
-2.488063e-03
-2.578046e-03
5.686821e-03
-1.615023e-03
-5.545875e-03
1.796171e-02
-1.621484e-03
1.234992e-02
-2.815553e-03
-1.421713e-03
-5.710158e-03
-3.148852e-03
2.200478e-01
1.522437e-02
-2.371389e-03
-7.875440e-03
-3.872807e-03
-6.982254e-03
-3.452380e-03
1.177693e-02
-2.757683e-03
-2.651135e-03
-3.820563e-03
-2.498531e-03
-1.222953e-02
-5.753371e-03
-2.853758e-03
1.629202e-02
-8.612461e-03
-1.805529e-03
-5.419693e-03
1.275391e-02
-1.677041e-03
-2.667745e-03
-3.190499e-03
-9.070242e-04
-1.374491e-02
-5.708919e-03
-2.002016e-02
-2.190802e-03
3.109439e-02
-4.493262e-03
-6.130788e-03
1.801861e-02
7.737447e-03
-5.391702e-03
-4.903012e-03
-2.510374e-03
-1.919663e-03
-2.616381e-03
-1.110832e-02
-3.792009e-03
1.271317e-02
1.630340e-02
1.714052e-02
-3.330909e-03
2.813209e-02
1.676703e-02
1.602420e-02
1.381962e-02
-4.638057e-03
3.762816e-02
7.053427e-02
9.931552e-04
3.762614e-02
1.918194e-02
-3.866857e-03
-1.299018e-02
6.037893e-02
-1.267795e-02
1.053147e-01
2.798503e-02
1.563475e-02
-3.615334e-03
1.581958e-02
-2.355501e-03
2.426587e-02
-3.095121e-03
-2.150725e-03
-4.292539e-03
-1.261022e-02
9.894971e-03
-2.947958e-03
-3.060742e-03
-2.397208e-03
-2.779043e-03
-1.953580e-03
-1.461063e-03
-6.484154e-03
-4.713207e-03
-1.373035e-02
1.287581e-02
-5.232064e-03
-6.404108e-03
-3.867432e-03
-4.964349e-03
-5.611140e-03
-5.716366e-03
-2.957173e-03
-2.127612e-03
-2.107137e-03
-2.258027e-03
-1.075732e-02
1.944546e-02
-1.013559e-03
2.935277e-02
-5.999995e-03
1.617283e-02
-2.341261e-03
-1.138881e-03
-1.477153e-03
-1.451792e-03
-9.593062e-04
-1.159709e-03
-4.867340e-03
-1.753601e-03
-1.254611e-02
1.460907e-02
-2.614253e-03
-4.326491e-03
1.717561e-02
-2.287511e-03
-2.108663e-03
-5.955492e-03
-2.819359e-03
-1.543455e-03
-1.461847e-03
-1.819529e-03
-8.750571e-03
7.012672e-02
6.180458e-02
5.454596e-03
-3.521670e-02
-1.402415e-03
-2.154961e-02
9.617773e-03
-7.392777e-03
2.023445e-02
-6.697735e-03
-6.790647e-03
3.820257e-03
-1.457774e-02
-5.184499e-02
1.242288e-02
5.465068e-03
-2.053223e-02
-2.924037e-02
1.409014e-04
-1.150127e-02
2.192524e-02
-2.367380e-02
8.084598e-03
-6.356412e-03
1.298459e-02
-1.436529e-02
-9.183900e-03
-5.794938e-03
-4.860812e-03
-1.452818e-02
2.563841e-02
-7.297024e-03
-4.894123e-03
-3.171931e-03
-7.493913e-03
-2.959630e-03
-3.336215e-03
-2.304209e-02
8.095745e-03
-3.386110e-02
7.785369e-02
-4.299398e-03
-8.570724e-03
2.333402e-02
-1.548371e-02
-3.801609e-03
1.313445e-02
-6.428214e-03
-2.240839e-03
-4.051165e-03
8.522452e-03
-1.347134e-02
5.008837e-02
-1.335818e-02
-1.472324e-02
-1.096067e-01
5.455581e-02
-2.300043e-02
-1.925205e-02
-2.722726e-02
2.095581e-01
-1.197341e-02
-1.317247e-03
-6.409231e-02
-3.996705e-02
-1.567044e-01
7.064514e-02
-3.250471e-02
-7.410858e-02
-2.706562e-02
-2.996220e-02
-2.743669e-02
-1.009753e-02
-4.062474e-02
-1.172543e-02
-1.962508e-02
-1.256356e-02
-8.668639e-02
-2.295308e-03
1.506261e-02
5.721875e-02
1.190369e-02
1.545572e-02
2.207359e-02
1.521393e-02
1.651786e-02
4.225102e-02
-1.873305e-03
-8.729757e-04
2.552870e-02
-3.860119e-03
6.549520e-03
1.399506e-02
1.951793e-02
-5.866442e-03
7.299469e-02
-6.856369e-03
-2.795616e-03
-3.678054e-03
-4.849167e-03
2.000003e-02
-2.976398e-03
-2.444600e-03
-1.244844e-02
7.960574e-03
-3.949559e-03
-6.570118e-03
-1.424662e-02
-4.015393e-03
-3.937435e-03
-2.971622e-03
-2.531249e-03
-8.011277e-03
-4.523647e-03
-1.563751e-03
-1.222836e-02
8.569973e-02
-3.381453e-02
1.471345e-02
9.893965e-03
-1.366948e-02
-1.059648e-02
-9.698317e-03
-5.939910e-03
-1.020292e-02
-7.554125e-03
-2.365733e-03
1.592382e-02
-3.017616e-03
-1.341894e-02
-1.346758e-02
-7.120704e-03
-8.370821e-03
-2.850272e-02
6.176506e-03
-1.322314e-02
-6.010181e-03
-6.305552e-03
-8.076723e-03
-4.387100e-03
-3.387779e-03
-1.736003e-02
-1.024493e-02
-5.598330e-02
-4.388596e-03
-8.989595e-03
-2.244904e-02
-1.102012e-02
1.639845e-03
-5.592899e-03
-2.036620e-02
-1.291059e-02
-6.737471e-03
-9.106269e-03
-4.629324e-03
-2.147776e-02
3.920601e-02
1.401892e-02
-6.934641e-03
-1.734100e-02
8.708947e-02
-1.251829e-02
1.162100e-02
-3.915649e-03
-7.920985e-03
-4.015524e-03
-1.966519e-03
-3.152690e-02
-1.080237e-02
-3.130541e-02
6.024658e-02
3.397228e-02
-8.872234e-03
1.207799e-02
-1.622172e-02
9.568253e-03
4.811444e-03
-9.457512e-03
-3.150818e-03
-5.081964e-03
-6.679436e-03
-2.377296e-02
-1.210399e-02
-4.370408e-03
-5.321316e-03
-1.780471e-02
3.685683e-02
-5.527340e-03
-3.576009e-03
-6.602201e-03
3.196026e-02
-5.703885e-03
-3.774520e-03
-2.155807e-02
-1.090345e-02
8.808490e-03
-4.435305e-03
-7.280945e-03
-1.230202e-02
-8.014471e-03
6.580706e-03
-4.887073e-03
2.577190e-02
-9.816311e-03
-4.547799e-03
-5.966609e-03
-3.607959e-03
-2.845390e-02
8.204715e-02
-2.745363e-03
3.245715e-02
-1.839182e-02
2.744827e-02
-8.611182e-03
-3.077987e-03
1.055906e-02
1.984958e-02
-3.165788e-03
-2.143788e-03
-1.211047e-02
-6.591165e-03
2.541859e-02
-2.343138e-03
-4.248129e-03
-5.606261e-03
6.250264e-03
2.266021e-02
3.058744e-03
-1.230262e-02
-8.128022e-03
-2.869504e-03
-3.651764e-03
-1.548485e-03
-1.794894e-02
-7.932398e-03
1.093792e-02
-7.285599e-03
-5.438460e-03
-7.911478e-03
3.503522e-03
-6.625479e-03
-5.422976e-03
-7.070975e-03
1.615307e-03
-7.365285e-03
-2.997676e-02
-1.310243e-02
-3.714240e-02
6.925526e-02
-1.290251e-02
3.484334e-02
-1.424054e-02
-1.300606e-02
-7.564318e-03
-2.061310e-02
4.687962e-04
-7.085839e-03
-9.997755e-03
-4.238674e-03
-2.226029e-02
-7.727442e-03
-4.507210e-03
-3.746632e-03
-2.108105e-02
1.847769e-02
-5.161214e-03
-4.660977e-03
-2.980411e-03
8.952176e-03
-6.058017e-03
-3.703183e-03
-1.638135e-02
-1.030536e-02
-3.432551e-02
1.628685e-02
-6.641088e-03
-7.615850e-03
-5.726950e-03
-1.062464e-02
-3.678211e-03
6.716909e-04
1.471757e-02
-4.144357e-03
-2.908102e-03
-4.559355e-03
-1.649085e-02
-3.357267e-03
-2.417861e-03
-1.578446e-03
-1.073898e-02
-2.434854e-03
-3.708132e-03
-2.497021e-03
-1.682136e-03
-3.119022e-03
-1.310356e-03
-1.137083e-03
-4.499044e-03
-4.526227e-03
1.189847e-02
3.240850e-02
-4.138906e-03
-3.040549e-03
-5.970722e-03
-3.837181e-03
-1.618306e-03
-3.992175e-03
-2.125727e-03
-1.517617e-03
-1.229322e-03
-1.930933e-03
-6.655078e-03
1.502796e-02
-2.843710e-03
-1.790953e-03
-8.095007e-03
3.654204e-02
-3.434870e-03
-2.013136e-03
-3.140296e-03
-5.010556e-03
-3.260882e-03
-1.644113e-03
-8.467028e-03
-5.494086e-03
-2.640064e-02
-1.667844e-03
-5.218317e-03
-4.274437e-03
-4.657088e-03
-6.005971e-03
-2.327173e-03
-9.521540e-03
-2.863052e-03
-1.345756e-03
-2.803399e-03
-3.340584e-03
-5.853618e-03
-4.807950e-03
-2.474434e-03
-1.634682e-03
-6.717769e-03
-1.750392e-03
-3.121811e-03
-2.006389e-03
1.508695e-02
-2.780643e-03
-2.716931e-03
-1.608270e-03
9.792759e-02
-3.199008e-03
-1.304371e-02
-1.760724e-03
-2.374761e-03
-4.210028e-03
-2.971919e-03
-6.040267e-03
1.265223e-02
-5.204187e-03
-2.222714e-03
-1.743970e-03
-1.897263e-03
-1.876201e-03
-8.232337e-03
-1.003785e-02
-6.695734e-03
-1.268077e-02
-4.942715e-02
-8.230231e-03
-2.163433e-02
-5.646893e-03
-9.826918e-03
4.981264e-02
-9.193289e-03
-7.511201e-03
-4.878648e-02
-1.767007e-02
-7.261657e-02
-7.557279e-03
-1.222779e-02
-3.166600e-02
-1.872144e-02
-2.867558e-02
-1.763386e-02
2.708744e-03
-1.220491e-02
-8.830016e-03
-6.136445e-03
-5.441360e-03
3.337551e-02
