-4.318491e-01
-3.593603e-01
2.314864e-01
1.868936e-01
4.040009e-01
-2.538526e-01
2.179154e-02
-2.404085e-01
-2.532572e-01
3.085096e-01
3.781841e-01
2.036099e-01
2.602760e-01
1.789059e-01
3.864885e-01
1.275370e-01
-5.941211e-01
3.387087e-02
-1.228838e-01
2.132311e-01
2.321712e-01
1.088319e-01
-3.065197e-02
2.189101e-01
-3.103586e-01
1.428192e-02
7.990690e-02
2.731418e-01
3.277038e-01
2.744835e-01
1.465935e-01
-1.187200e-01
-6.458696e-01
2.926306e-01
9.563195e-02
2.210056e-01
3.499931e-01
-2.270437e-02
1.179917e-01
-2.882127e-02
-4.862915e-01
2.162792e-01
2.889067e-01
1.425621e-01
1.158820e-01
7.926553e-02
2.267495e-02
-7.473260e-02
-3.123690e-01
-1.881700e-01
1.946587e-01
2.121320e-01
6.334222e-02
4.640213e-02
2.390418e-01
1.197861e-01
4.057304e-01
-2.273590e-01
-4.241028e-02
-1.336112e-01
2.294744e-01
4.458056e-01
4.787371e-01
3.120163e-01
8.537336e-01
-1.570028e-01
-1.257236e-01
3.718490e-01
5.702687e-01
4.947794e-01
7.341172e-01
-5.958045e-02
8.031273e-01
2.968381e-02
1.325629e-01
-6.832679e-02
4.142736e-01
7.489163e-01
5.246241e-01
5.044455e-01
2.622196e-01
2.292784e-01
-1.475134e-01
-3.191978e-01
1.826856e-01
1.878890e-01
3.053310e-01
8.105203e-01
1.431404e-01
1.508839e-02
-2.074995e-01
-2.900205e-01
-1.294645e-02
-1.324822e-02
2.034328e-02
6.358261e-01
3.055802e-02
-2.438477e-01
-1.208175e-01
-4.985682e-01
-1.605646e-01
-3.039371e-01
3.173327e-01
5.268268e-01
4.284286e-01
-1.819966e-01
1.016164e-01
-4.715908e-01
-2.506735e-01
-5.469058e-01
1.635322e-01
5.296563e-01
1.467358e-01
-3.419709e-01
-5.676532e-02
-2.791788e-01
-7.726507e-01
-5.614316e-02
-7.000885e-01
-8.005299e-02
-1.811640e-01
2.967090e-01
-3.250668e-01
-7.498218e-01
-6.674527e-01
-5.113675e-01
1.138862e-01
4.696401e-01
2.859363e-01
1.644475e-01
-4.642539e-01
-6.286437e-01
-5.761333e-01
-1.083878e+00
-8.662491e-01
-6.838545e-01
-1.840835e-01
-1.549861e-01
-5.397501e-01
-5.656517e-02
-4.332383e-01
-4.028313e-01
-4.333765e-01
-4.051587e-01
-1.756316e-01
-2.496920e-01
-3.528325e-01
-3.548213e-01
-2.078340e-01
-2.289818e-01
-6.882023e-01
-2.407657e-01
1.361919e-01
-1.451268e-01
-4.694961e-01
-3.590299e-01
-5.255019e-01
-5.960152e-02
-1.151065e-01
-2.138506e-01
-1.459682e-01
-1.654418e-01
-2.756654e-01
-1.201634e-01
-1.430187e-01
-8.140040e-01
-5.417529e-01
-2.752891e-01
1.793130e-01
-2.938064e-01
-3.549315e-01
-3.300754e-01
-5.338275e-01
5.607364e-02
-4.264921e-01
-9.095332e-01
-3.076987e-01
-8.201262e-02
-3.539917e-02
-1.077968e-01
3.396203e-02
-1.286170e-01
-2.671496e-01
-1.146451e+00
-1.331350e-01
-1.547973e-02
1.161488e-01
3.312132e-02
-1.702859e-01
-6.460488e-02
-1.707818e-01
-3.360013e-01
-3.265313e-01
-2.480825e-02
7.092710e-02
2.470395e-01
-4.412374e-02
-2.804819e-02
-9.015427e-03
6.773776e-01
-3.640577e-01
1.394824e-01
2.183822e-01
1.259875e-01
2.466654e-01
1.023150e-02
1.740335e-01
1.150868e+00
-5.130940e-02
4.309599e-01
3.810899e-01
8.770849e-02
-3.652154e-01
7.341904e-02
5.579909e-01
9.356009e-01
-1.028313e-01
3.804250e-01
3.331454e-01
4.133847e-01
2.198583e-01
5.707169e-01
6.241791e-01
8.387237e-01
1.088434e-01
3.296753e-01
4.180170e-01
6.856166e-01
2.026354e-01
3.807863e-01
4.888178e-01
4.836981e-01
3.271977e-01
4.837776e-01
7.840896e-01
4.115985e-01
4.876180e-01
4.085225e-01
5.534097e-01
4.299776e-01
5.526417e-01
3.371235e-01
5.979466e-01
4.771717e-01
7.543995e-01
3.113720e-01
3.965983e-01
8.490660e-02
5.251172e-01
9.314418e-01
7.753534e-01
8.082598e-01
7.633261e-01
3.192200e-01
2.188017e-01
-3.175900e-01
-4.098596e-01
-1.649894e-01
-6.225786e-01
7.029793e-02
4.706547e-01
3.775581e-02
4.224776e-01
-2.797804e-01
-5.868869e-01
-3.848049e-02
8.321262e-02
-7.434073e-02
3.438458e-02
2.822898e-01
1.094890e-01
-1.791805e-01
-7.270300e-01
-6.483603e-01
1.195035e-02
3.419275e-01
9.975834e-02
3.746042e-01
-6.048144e-02
5.215506e-02
-6.460269e-01
-2.157302e-01
5.578926e-02
7.641505e-02
3.555101e-01
-7.188068e-02
3.857292e-02
-1.662404e-01
-4.964096e-01
-3.495305e-01
8.511679e-02
4.041593e-01
8.596808e-02
1.351819e-01
-2.267969e-01
1.690801e-01
-6.049089e-01
-8.731676e-02
-8.626281e-02
2.706968e-01
-1.117435e-02
-3.467900e-02
-2.620643e-01
2.223339e-01
-1.011557e-02
-4.010639e-01
-6.851924e-02
-2.037201e-01
-5.217959e-01
-4.156369e-01
-3.965941e-01
-6.187177e-01
1.083162e+00
-7.766530e-02
-8.168291e-01
-1.427615e+00
-2.351232e-01
-6.261139e-01
1.318204e-02
-1.428029e+00
1.643114e+00
1.818212e-01
-1.568047e+00
-1.408872e+00
-1.503431e+00
-1.028762e+00
-6.413636e-01
-2.447827e-01
2.176313e+00
8.946223e-01
7.834463e-02
-8.747410e-01
-8.116541e-01
-4.811690e-01
2.500765e-02
-1.123385e-01
7.069132e-01
2.715369e-01
9.928680e-02
8.286583e-02
1.380242e-01
-1.678912e-01
-1.695572e-03
1.912628e-01
1.292764e-01
-2.247475e-01
2.723421e-01
2.371562e-01
2.519427e-01
4.167992e-02
-3.540180e-01
-3.126464e-01
-2.834222e-01
9.294826e-03
3.610106e-01
2.901647e-01
3.655661e-02
4.223586e-01
-1.931528e-01
-2.606968e-01
-4.519354e-01
7.227331e-02
5.288099e-02
5.621767e-01
2.977911e-01
1.850749e-01
7.594961e-03
1.024407e-01
-2.042486e-01
1.555033e-01
1.123446e-01
4.119817e-01
5.059533e-01
2.471005e-01
2.478952e-01
-3.833576e-01
-2.573348e-01
-1.830077e-01
1.753799e-01
3.696195e-01
6.171759e-01
8.354395e-01
8.309720e-01
-2.170930e-01
-4.915241e-01
-1.820695e-01
-8.088785e-01
-5.951065e-01
-4.270188e-01
-3.037608e-01
-6.465496e-01
-3.259917e-01
-2.718169e-01
-3.787154e-01
-1.620553e-01
-2.796973e-01
-4.253620e-01
-4.046598e-02
-5.499998e-01
-1.239514e-01
6.252781e-02
-1.295102e-01
1.090984e-01
-1.765585e-02
-5.395215e-02
-4.752687e-01
-3.292936e-01
-5.452540e-01
-6.048943e-01
-3.469497e-01
-5.627328e-01
-1.292742e-01
-1.996302e-01
-1.765573e-01
-2.659761e-01
-4.193177e-01
-4.373706e-01
-4.872007e-01
-4.802724e-01
-4.183898e-01
-2.026377e-01
-8.674423e-02
-2.922941e-01
-4.069103e-01
-8.087739e-01
-1.865327e-01
-2.381881e-01
-1.181091e-01
-2.972100e-01
1.390023e-01
1.690603e-01
2.202492e-02
-9.718197e-01
-4.126748e-01
-3.694277e-01
-1.481826e-02
2.154607e-01
-5.281485e-02
5.163762e-01
3.585827e-01
-9.521505e-01
-2.293210e-01
-4.457688e-01
-1.286251e-01
1.845210e-01
2.925962e-01
1.581880e-02
3.167790e-01
-2.656475e-01
-2.375455e-02
2.658647e-01
2.668198e-02
1.907606e-01
3.555518e-01
-2.050560e-01
5.078680e-01
1.141821e-02
2.531609e-02
2.205667e-01
-9.786446e-03
2.520475e-01
2.198300e-01
4.391695e-01
4.325585e-01
3.049990e-01
2.068946e-01
-7.945939e-02
-1.457633e-02
5.999417e-01
2.952891e-01
5.131418e-01
1.420349e-01
5.900939e-01
4.895344e-01
2.888583e-01
2.025660e-01
4.639150e-01
7.725808e-01
3.798118e-01
3.290427e-02
5.727941e-01
5.402003e-01
2.523983e-01
3.938336e-01
2.215456e-01
3.359000e-01
4.634128e-01
5.812718e-01
4.636713e-01
4.772144e-01
5.357649e-01
2.647480e-01
3.643206e-01
6.793808e-01
4.421811e-01
5.216009e-01
1.944153e-01
4.622590e-01
4.079895e-01
3.841505e-01
5.290960e-01
2.535624e-01
5.159966e-01
5.068044e-01
4.476070e-01
4.797873e-01
9.141467e-01
7.949928e-01
4.854854e-01
-4.319993e-02
3.294755e-01
7.674239e-01
-5.026236e-01
-2.284656e-01
-1.653043e-01
1.472014e-01
-1.190565e-01
5.063127e-02
4.730285e-01
2.499892e-01
-3.310413e-01
-9.971747e-02
-1.868300e-01
4.071105e-01
2.512717e-01
-3.444521e-02
9.739626e-03
3.370521e-02
-4.270001e-01
1.905547e-01
-1.001885e-01
1.215303e-01
2.844199e-01
1.585098e-02
3.292478e-01
8.624023e-02
-2.672207e-01
1.204905e-01
2.677256e-01
1.460578e-01
1.741641e-01
3.156282e-01
-3.374000e-03
1.927581e-01
-3.674035e-01
4.022819e-01
4.540392e-02
4.112317e-01
2.816803e-01
2.095214e-01
1.559814e-01
4.836949e-01
3.601018e-01
3.396449e-01
3.702858e-01
8.542113e-02
1.141167e-01
1.030599e-01
2.086389e-01
2.838536e-01
4.467070e-01
6.063352e-01
2.630537e-01
3.467786e-01
2.320874e-01
9.862992e-02
3.450524e-02
5.538166e-01
1.018709e+00
6.901390e-01
3.496172e-01
-1.326953e-01
1.814089e-01
2.393569e-01
2.902173e-01
-3.916693e-01
1.195304e+00
8.183035e-01
4.115593e-01
-2.243091e-02
3.070390e-02
-2.497995e-01
-5.278064e-01
-7.883109e-01
8.119363e-01
4.114918e-01
3.578690e-01
-3.264518e-01
-5.194604e-01
-6.168092e-01
-5.080416e-01
-2.424801e-01
4.114378e-01
3.372755e-01
1.994212e-01
-1.092609e-01
2.000636e-02
-2.363135e-01
-1.482071e-01
-4.372056e-02
-3.380580e-01
-1.640825e-01
6.015326e-02
3.227931e-01
1.897863e-02
7.050757e-02
-2.803405e-01
-2.843778e-01
-2.896653e-01
-2.775559e-02
-6.740593e-02
1.627785e-01
1.735527e-01
9.706947e-02
-6.838912e-02
-1.080226e-01
-6.213059e-01
-9.755101e-02
-6.027290e-02
2.031016e-01
5.307091e-01
6.770560e-02
8.478566e-02
3.906117e-02
-2.912945e-01
1.744113e-01
1.792241e-01
2.307194e-01
-1.356593e-01
4.175310e-01
1.485251e-01
-2.063670e-01
-3.173772e-01
-4.156444e-01
-9.783767e-02
2.273310e-01
4.743958e-01
2.502346e-01
2.867385e-01
8.532741e-01
-3.584971e-01
2.745846e-01
2.622593e-01
4.577866e-01
1.174778e+00
1.114150e+00
8.124572e-01
7.121259e-01
1.674461e-01
-3.250419e-02
4.897300e-01
1.688911e-01
5.790325e-01
7.515856e-01
9.064258e-01
1.038664e+00
1.341466e-01
-3.465775e-02
1.260945e-01
4.212501e-01
4.444654e-01
3.880544e-01
8.622853e-01
4.438313e-01
5.480500e-02
9.134837e-02
-3.645522e-02
5.197946e-01
2.872396e-01
4.138722e-01
6.987510e-01
6.029256e-01
-4.773712e-01
-1.240739e-01
8.874498e-02
2.177800e-01
4.517349e-02
-1.248732e-01
1.315806e-01
5.030266e-02
2.442434e-01
2.307375e-01
3.401231e-03
-3.166335e-01
-3.397459e-01
-1.121135e+00
-5.047829e-01
1.558412e-01
-6.572180e-03
7.430360e-02
4.229218e-02
-9.588760e-02
-2.943376e-01
-5.956704e-01
-6.101765e-01
-2.258045e-01
-5.995291e-02
4.759870e-01
3.804747e-01
5.252179e-01
9.743673e-02
1.895626e-01
-4.905730e-01
-4.155963e-01
7.262744e-01
5.965294e-01
4.467916e-01
1.778968e-01
3.010936e-01
-3.690015e-03
-1.057663e-01
-5.570492e-01
1.510616e-01
4.820589e-01
1.723037e-01
3.246165e-01
2.785572e-01
7.714809e-02
-5.266291e-01
-8.591680e-01
-3.643200e-01
3.998625e-01
4.231785e-01
4.787716e-02
2.299977e-01
1.061479e-01
-3.148497e-01
-9.257642e-01
-7.410171e-02
-6.897989e-02
1.057571e-01
2.745594e-01
-1.318622e-01
-3.392802e-02
-5.409338e-01
-5.759337e-01
-8.735427e-01
-2.549184e-01
-5.863460e-01
-1.136460e-01
2.235999e-01
-2.975760e-01
-6.450340e-01
-6.433595e-01
-2.839341e-01
-8.829710e-01
-4.153445e-01
1.933218e-01
-3.849162e-02
-5.396284e-01
-4.615796e-01
-5.785689e-01
-5.770096e-01
-2.567835e-01
-7.086939e-01
-2.400155e-01
-3.289110e-01
-4.453190e-02
-1.851549e-01
-6.093354e-01
-1.062121e+00
-9.898707e-01
-3.585512e-01
-7.478947e-01
-4.132022e-01
-6.149103e-01
-3.140768e-01
-4.486313e-01
-4.404500e-01
-7.657879e-02
1.548680e-01
2.923898e-01
5.663340e-01
2.949257e-01
2.169999e-01
3.698923e-01
3.101412e-01
3.376120e-01
4.540636e-01
3.323131e-01
2.800662e-01
8.644175e-02
2.229550e-01
5.914024e-01
-1.421705e-01
3.027869e-01
3.480781e-01
3.523581e-01
2.854683e-01
2.267153e-01
1.654918e-01
8.137881e-02
5.291869e-01
2.608314e-01
4.241052e-01
5.841058e-01
1.667752e-01
1.975423e-01
2.009836e-01
5.033146e-02
1.469425e-01
4.495547e-01
3.889042e-01
3.707688e-01
5.671437e-01
5.607318e-01
4.491991e-02
5.173766e-02
-1.454884e-01
1.452652e-01
3.902813e-01
2.129003e-01
3.083154e-01
4.224151e-01
4.658942e-01
1.225636e-01
-4.731057e-02
1.611387e-01
-2.129058e-01
-1.079492e-02
1.521782e-01
1.921496e-01
5.275406e-01
3.799008e-01
-9.037056e-01
-1.588710e-01
-3.388338e-01
-6.781982e-02
-6.114015e-02
-2.653375e-02
1.911132e-01
1.212719e-01
-4.301012e-01
-7.754733e-01
3.457131e-01
-5.851454e-01
6.976679e-02
3.236509e-01
2.856493e-01
3.397708e-01
-2.161179e-01
-7.116742e-01
-2.048059e-01
1.757377e-01
1.006094e-01
4.975568e-01
4.482472e-01
6.109285e-01
1.672554e-01
-2.251195e-01
-2.805643e-01
-4.980666e-01
1.091588e-01
-3.128527e-02
4.167602e-01
4.472525e-01
1.789265e-01
4.575576e-02
-3.359999e-01
4.344674e-02
-2.927761e-01
2.633099e-01
1.132976e-01
3.985401e-01
1.008831e-01
2.742708e-02
1.091043e-02
1.305898e-01
-2.334004e-02
-7.402302e-02
-1.255293e-01
1.687002e-01
-9.956532e-03
-5.003726e-02
-1.031105e-02
1.380690e-01
1.072996e-01
-2.307124e-01
2.339686e-01
2.576665e-01
-1.154507e-01
2.186656e-01
-2.057954e-02
1.491788e-01
1.604883e-01
-2.799616e-01
-1.974779e-01
-9.046055e-04
3.426900e-02
8.651945e-02
1.419321e-01
4.670562e-01
2.642758e-01
-2.455005e-01
-6.207504e-02
-4.717539e-02
4.009093e-02
2.844379e-01
-4.170121e-01
-2.024043e-02
-1.740476e-01
-6.286883e-01
-4.686626e-01
4.289824e-01
-1.482091e-01
-1.699977e-01
1.766710e-01
-1.306442e-01
-3.181046e-01
6.587201e-02
-5.357099e-01
-3.817427e-01
-2.281922e-01
1.777229e-01
-5.647082e-01
6.012122e-04
-5.908600e-01
-2.821298e-01
-2.349962e-01
-5.999774e-02
2.651018e-01
-5.648309e-01
-4.748020e-01
-4.653868e-01
-5.382704e-01
-5.418414e-02
-5.638512e-01
6.216863e-02
2.859887e-01
-9.389745e-02
-4.213174e-01
-7.295368e-01
-7.547055e-01
-7.453329e-01
-6.629497e-01
-4.843419e-01
-3.378281e-01
-2.402726e-01
-1.303793e-01
-4.639194e-01
-3.932013e-01
-4.507963e-01
-5.021617e-01
-6.735424e-01
-2.269107e-01
-7.983101e-02
-1.511291e-01
1.599405e-02
-4.866666e-01
-6.011101e-01
-2.028438e-01
-4.554530e-01
4.853658e-01
1.359871e-02
7.410903e-02
-6.034754e-02
1.376133e-01
-1.319819e-01
2.014936e-01
-1.456057e-02
-1.114985e-01
2.017699e-01
1.403554e-01
3.054709e-01
-8.239373e-03
-1.936594e-01
4.345142e-01
8.039384e-02
-1.660881e-01
2.217552e-01
6.066392e-01
-1.910915e-02
1.320583e-01
-1.485298e-01
2.503519e-01
4.094429e-01
-2.234768e-01
4.326895e-01
5.771678e-01
5.066476e-02
2.638732e-01
3.259776e-01
6.812204e-01
4.369828e-01
1.930120e-01
7.567467e-01
4.723957e-01
4.308295e-01
3.191005e-01
2.603565e-01
4.114967e-01
6.930459e-01
8.899229e-02
4.638452e-01
5.119516e-01
2.459710e-01
1.057556e-01
6.741385e-02
6.889967e-01
5.901312e-01
6.773844e-01
5.942004e-01
6.311866e-01
4.361528e-01
-3.254979e-01
2.482643e-01
5.274978e-01
7.481257e-01
5.180759e-01
1.303428e-01
3.873244e-01
2.304474e-01
-7.632657e-01
2.977591e-01
6.401931e-01
5.532036e-01
3.228993e-01
8.936088e-01
5.826362e-01
-9.611040e-01
-1.580139e+00
1.124102e+00
7.669345e-01
9.223893e-01
4.629843e-01
1.066517e+00
9.932625e-01
4.419906e-01
4.506280e-01
6.384860e-01
3.797889e-01
3.364456e-01
2.390595e-01
-1.615211e-01
2.819750e-01
2.064784e-01
4.730182e-01
1.418807e-01
2.456669e-01
-1.924162e-01
-3.485594e-01
-8.611777e-02
-5.477168e-01
-3.859515e-01
1.378371e-01
-1.321793e-01
-3.340427e-01
-2.360687e-01
-5.837753e-01
-8.672438e-01
-1.172449e+00
-1.105079e+00
-9.516639e-01
-1.028015e+00
-8.117483e-01
-4.307361e-01
-6.505479e-01
-1.046417e+00
-8.646407e-01
-4.312164e-01
-6.213552e-01
-3.558138e-01
-2.033999e-01
1.246293e-01
-1.623603e+00
-1.461848e+00
-1.527986e-01
1.420299e-01
-4.200513e-02
-5.647151e-01
-3.482583e-01
-5.826420e-01
-3.670408e-01
-7.607076e-02
-2.494528e-01
-1.570036e-01
-1.127758e-01
-1.476888e-01
-9.292560e-01
-9.631909e-01
5.696940e-02
1.623570e-01
-1.807942e-01
-9.219597e-02
1.200963e-01
-2.482098e-01
-3.112191e-01
-8.108630e-01
-3.538146e-01
-5.441359e-01
6.744981e-02
1.251494e-01
2.002170e-02
-3.390301e-01
-2.925380e-01
1.612937e-01
-4.984111e-01
-2.413862e-01
-3.907317e-02
-1.500978e-01
3.344538e-01
2.570950e-01
-1.638829e-01
-1.393741e-01
1.245442e-01
1.744094e-01
2.626237e-01
2.960186e-01
1.661976e-01
-6.211351e-02
-4.317234e-01
-2.068313e-01
1.184333e-01
4.397744e-01
1.423004e-01
2.862873e-01
3.172561e-01
1.692159e-01
-2.299627e-01
-2.316950e-03
2.737885e-01
2.782255e-01
2.972271e-01
7.673130e-01
4.095316e-01
1.740144e-01
6.362415e-01
-1.300688e-01
1.931869e-02
2.233116e-01
4.206469e-01
4.394641e-01
4.742480e-01
3.595181e-01
-1.080396e-01
3.100889e-01
-3.250251e-02
-7.136155e-02
9.936231e-02
4.068143e-01
6.242018e-01
5.353988e-01
2.619935e-01
4.089108e-01
4.169017e-01
6.004282e-02
2.817915e-01
1.997743e-02
6.849646e-01
9.086111e-02
3.731487e-01
6.361255e-01
1.061745e-01
-7.739684e-02
1.001819e-01
1.917418e-01
-1.447642e-01
-1.056338e-01
-3.350263e-01
2.214503e-01
-8.371491e-02
-3.654805e-01
-2.687586e-01
-5.282109e-01
-2.424062e-01
-3.745853e-01
-2.930173e-01
-2.365571e-01
-1.016944e+00
-4.811708e-01
-6.288530e-01
-6.062361e-01
-3.371437e-01
-6.007541e-01
-6.561275e-01
-6.179048e-02
-1.865918e-01
-4.155024e-01
-2.036325e-01
-1.377778e-01
-4.951284e-01
4.285281e-03
3.444420e-01
-2.887886e-01
-2.436585e-01
-2.449360e-01
-2.451066e-01
1.047949e-01
1.147292e-01
8.277382e-02
-6.305162e-02
-3.641300e-01
-4.041413e-01
-1.326225e-01
-1.953053e-01
-1.068584e-01
6.267886e-02
-1.451928e-01
-2.381972e-01
-1.135404e-01
-4.719754e-01
-5.853383e-01
-2.487002e-01
3.238840e-01
2.031699e-01
5.243288e-02
-6.045256e-02
-1.903674e-01
-9.065519e-01
-4.518443e-01
-4.946193e-01
-2.024775e-01
7.245242e-02
3.168678e-02
-8.626249e-02
3.801394e-02
-1.211269e-01
-4.978940e-01
-1.026832e+00
-1.326210e-01
8.285148e-02
1.005251e-01
1.592935e-01
1.457675e-01
-6.161566e-01
-6.087420e-01
-2.694886e-01
-1.695679e-01
-2.588120e-03
3.234802e-02
3.406339e-01
4.226875e-01
-2.634454e-01
7.362075e-02
-3.556267e-01
-3.008227e-01
-1.502857e-01
9.676186e-02
1.763548e-02
1.744445e-01
6.117188e-01
-1.359209e-01
-1.174882e-01
-4.099066e-01
-9.092599e-03
3.687157e-01
8.827743e-02
6.845983e-01
1.493931e-02
1.146571e-01
2.375611e-01
-2.829114e-01
-1.798684e-02
4.120353e-01
5.412819e-01
1.845733e-01
3.066432e-01
1.562455e-01
3.627112e-02
2.685971e-02
-6.221130e-02
-2.053395e-01
2.125286e-01
3.822065e-01
5.245270e-02
8.143513e-02
5.104209e-01
7.004909e-01
8.977080e-01
4.215565e-01
5.099897e-01
3.819297e-01
1.011288e-01
3.513619e-01
7.431720e-01
9.688427e-01
8.240368e-01
5.352420e-01
4.570566e-01
3.935950e-02
1.858631e-01
1.934418e-01
-1.147418e-01
-1.394539e-01
-4.799833e-01
-8.036255e-01
-6.799751e-01
-1.132250e+00
-2.814265e-01
-1.263177e-01
-2.169164e-01
-2.946183e-01
-9.065083e-02
-8.239072e-01
-4.313245e-01
-4.285847e-01
2.645719e-01
-2.345032e-01
-3.389150e-01
-2.170399e-01
-7.037209e-01
-4.367467e-01
-9.055728e-02
-4.331857e-01
9.388235e-02
-1.351454e-01
-1.669483e-01
-5.176176e-01
-2.080552e-01
5.367210e-02
-2.973331e-01
-6.754249e-01
3.709265e-01
-8.013839e-02
-6.761441e-01
-2.276038e-01
-1.814303e-02
-1.572112e-01
-3.737671e-01
-1.017543e+00
2.575993e-02
1.627747e-02
-3.729651e-02
-1.634298e-01
-3.625573e-01
-1.089170e-01
-2.005113e-01
-1.960505e-01
2.898687e-02
1.380948e-01
3.115770e-01
1.768525e-01
5.856330e-02
7.279259e-02
8.457158e-02
-2.127462e-01
2.245011e-01
4.042343e-01
2.923603e-01
6.657829e-02
-3.195199e-01
-1.770510e-01
5.150003e-03
-2.206669e-01
2.104457e-02
4.408340e-01
7.905054e-01
6.193194e-02
1.401016e-01
-8.854286e-02
-1.234685e-01
-7.545645e-01
1.039265e-01
5.828589e-01
6.432400e-01
2.543844e-01
8.415439e-02
-2.156946e-02
-8.780571e-02
-6.327600e-01
3.297935e-01
4.804838e-01
3.979033e-01
3.423125e-01
1.086246e-01
2.981088e-01
-1.216311e-01
-5.108709e-01
-1.325211e-01
6.722435e-01
5.554597e-01
3.865318e-01
4.693990e-01
2.211423e-01
-1.615483e-01
-3.985893e-01
7.603259e-01
1.307098e-01
3.828466e-01
3.576085e-01
6.818755e-02
5.304124e-02
2.184258e-01
7.321115e-02
2.050899e-01
6.182548e-01
2.400319e-01
2.553337e-01
6.123954e-01
3.626261e-01
-5.328749e-02
3.104428e-01
1.192386e+00
-1.357810e-02
1.063680e-01
4.323882e-01
2.428831e-01
1.550660e-01
5.091992e-01
4.034979e-01
4.574664e-01
9.530194e-01
2.925977e-01
-4.094181e-01
-5.157204e-01
2.914040e-01
-1.229361e-01
3.534745e-01
1.001534e+00
3.172355e-01
5.210381e-01
-1.460741e-01
-8.021522e-02
1.656085e-02
-6.323526e-01
-1.595854e-01
1.526262e-01
4.117136e-02
-1.113752e-01
2.047089e-01
2.884109e-01
8.631233e-02
2.869663e-01
-1.199780e-01
6.565528e-02
-7.481936e-02
2.752840e-01
2.008755e-01
3.526930e-01
-1.796686e-01
-1.644593e-01
-3.239048e-01
1.569814e-02
-6.047629e-02
-2.112500e-02
4.944967e-01
1.759616e-01
-1.205207e-01
-9.931700e-02
-5.138041e-01
-6.516873e-02
-4.800269e-02
-2.738414e-03
1.068512e-01
-2.941065e-03
-2.410614e-01
1.428479e-01
-1.175673e+00
1.710964e-01
-2.913489e-03
-7.666495e-02
4.615010e-01
3.319415e-01
-1.620990e-01
-1.580267e-01
-1.406483e+00
-8.974676e-01
-2.800435e-01
-3.397582e-02
6.975979e-02
3.061900e-01
-1.437550e-01
-7.725870e-01
-1.105811e+00
-1.406254e-01
8.402993e-02
-3.347659e-01
2.727378e-02
2.642335e-01
-8.656628e-01
-9.333573e-01
-5.266072e-01
-3.931473e-02
-7.893863e-02
-1.685607e-01
2.550130e-01
6.855630e-02
-8.092623e-01
-8.363392e-01
-8.120838e-01
-1.570203e-01
-4.299832e-01
-1.621958e-01
-1.459879e-02
1.449395e-02
-2.169948e-01
-9.341582e-01
1.240679e-01
-2.916369e-01
-5.965505e-01
-4.137234e-01
1.486871e-01
5.869813e-02
-5.201979e-01
-5.420827e-01
-5.058442e-02
5.542699e-01
1.779475e-01
2.512627e-01
2.709475e-01
-2.149017e-02
-7.063916e-02
-8.020306e-01
-1.500120e-01
5.086232e-01
2.463260e-01
2.578410e-01
5.260940e-01
3.972046e-01
3.336924e-02
4.408508e-02
-7.839748e-01
1.690050e-01
6.230672e-02
-2.380820e-01
3.654672e-01
3.116078e-01
-2.362099e-01
-1.349261e-01
-2.484341e-01
3.951744e-01
-2.177154e-01
5.140274e-01
1.367194e-01
2.108845e-01
4.092600e-01
-5.931155e-02
-1.125873e-01
2.774530e-01
6.614259e-01
2.347298e-01
-1.556564e-02
7.055153e-01
3.146043e-01
4.911795e-01
7.106593e-02
-4.721671e-01
-2.544843e-03
-1.292545e-01
-7.406485e-02
-4.627729e-01
-3.053030e-01
-3.050750e-01
-1.413503e-01
8.216694e-03
-3.584634e-01
-4.173997e-01
-5.863844e-02
-3.754109e-01
-5.164610e-01
-3.544899e-01
-3.088910e-01
-3.337320e-01
3.768309e-01
8.553481e-02
-2.390238e-01
-2.090993e-01
-3.685616e-01
-2.616254e-01
1.840050e-01
1.193903e-01
-1.376455e-01
-1.435099e-01
-2.118346e-01
-1.095887e-01
-1.235595e-01
4.094028e-01
1.303107e-01
2.154300e-01
3.816341e-01
2.391333e-01
-1.945343e-01
-1.010082e-01
9.990750e-02
1.696382e-01
4.377901e-02
2.956999e-01
3.876554e-01
2.287760e-01
-1.096033e-02
3.196971e-01
5.121909e-02
6.777989e-01
5.212210e-02
7.119873e-01
3.450073e-01
3.164751e-01
1.784388e-01
2.312663e-01
5.660356e-01
4.767899e-01
5.717183e-01
2.354158e-01
3.812008e-01
8.063995e-01
2.722783e-01
5.417754e-01
5.450195e-01
8.187726e-01
7.719010e-01
1.066177e-01
2.824495e-01
-1.250134e-01
6.327644e-01
6.061790e-01
1.201501e-01
3.833843e-01
4.368776e-01
3.904724e-01
-2.242452e-01
-6.557105e-01
-1.345226e-01
2.465106e-01
-4.968564e-01
-5.327871e-01
4.263260e-01
2.840360e-01
-4.200121e-01
-8.903491e-01
-3.124997e-01
-3.016602e-01
-7.100375e-01
-3.198587e-01
7.666997e-02
5.293563e-01
-6.763200e-01
-1.125655e+00
-3.716058e-01
-4.689578e-01
-5.093921e-01
-7.967511e-01
1.047864e-01
-1.266837e-03
-2.588372e-01
-9.954862e-01
-6.920785e-01
-4.566141e-01
-2.425810e-01
-3.552827e-01
-7.831486e-02
7.760158e-02
-4.071319e-01
-6.301724e-01
-5.401418e-01
-4.089437e-01
-2.342221e-01
-2.283156e-01
6.915816e-02
-1.095387e-01
-3.635435e-01
-4.194625e-01
-3.502395e-01
-3.497315e-02
-4.051638e-01
-1.907695e-01
-4.535297e-01
1.982567e-01
-3.279536e-01
-1.812097e-01
-5.309730e-01
-3.104199e-01
1.053361e-01
-2.957298e-01
-9.233559e-02
2.421859e-01
-1.371505e-01
-2.376971e-01
-2.043540e-01
-1.222195e-01
1.088653e-01
-9.525957e-01
-3.811042e-01
-1.967377e-01
2.458938e-01
3.866752e-02
-2.127555e-01
1.391415e-01
-9.382172e-03
-1.886658e-01
2.292510e-01
2.716586e-01
-2.895796e-01
1.694237e-01
3.755246e-03
2.762071e-01
-1.378987e-01
-3.564229e-01
-7.543070e-02
-7.379680e-02
3.179462e-01
-4.830013e-02
2.606108e-02
1.100898e-01
6.140691e-02
-2.120606e-01
3.825131e-01
6.172593e-02
1.141016e-01
3.793365e-02
1.001943e-01
1.510055e-01
5.891060e-02
-1.097880e-02
3.371304e-01
5.277490e-01
2.016280e-01
-4.607914e-02
1.734653e-02
-2.931457e-02
3.038565e-01
7.135797e-02
2.865033e-01
5.185873e-01
2.175597e-01
1.972869e-01
-1.296145e-01
-1.479559e-02
3.521664e-02
2.214824e-01
5.780341e-01
4.943057e-01
7.480198e-01
2.244978e-01
-9.906987e-02
-7.093639e-01
-9.142924e-02
6.685900e-01
9.226608e-01
3.361731e-01
8.092609e-01
4.718240e-01
-1.309019e-01
-6.255688e-01
-2.114383e-01
5.958179e-01
2.403101e-01
3.581313e-01
3.027361e-01
2.091516e-01
-1.603004e-01
-1.014095e+00
2.321912e-01
4.167533e-01
7.223599e-01
3.048716e-01
3.375360e-01
6.183419e-03
-6.365547e-01
-1.010924e+00
-5.026677e-02
1.458129e-01
8.224010e-01
4.329049e-01
-1.707389e-01
-2.697405e-01
-1.027345e+00
-1.156710e+00
1.322317e-01
-1.978422e-01
5.312742e-01
2.679580e-01
-2.737620e-01
-1.031776e-01
-1.209013e+00
-7.378266e-01
-3.859274e-01
2.454567e-01
2.475539e-01
2.865628e-01
-2.328038e-01
-2.526030e-01
-1.982747e+00
-4.156139e-01
-1.928774e-01
-9.575588e-02
5.350906e-01
-1.736892e-01
1.073346e-01
-5.532525e-01
-2.083985e+00
-1.123156e+00
-1.656987e-01
2.057284e-01
4.264535e-02
4.130812e-01
1.960100e-01
-6.624877e-01
-1.528588e+00
-1.154074e+00
-6.097041e-01
9.925643e-02
3.127768e-01
1.675435e-01
1.485260e-01
-4.753438e-01
2.827708e-01
2.883238e-01
-8.185538e-02
-1.830037e-01
-2.356015e-01
-6.078657e-01
6.388879e-02
3.020959e-01
1.204581e-01
2.025207e-01
-1.751747e-01
6.781803e-02
-4.163731e-01
-1.052479e-01
-1.045049e-01
-5.179119e-05
4.529017e-01
2.023912e-01
1.126584e-01
-2.293440e-01
-1.295558e-01
-2.318835e-03
3.844471e-01
6.658342e-04
4.238887e-01
2.999555e-01
2.527551e-02
1.266826e-01
-2.722365e-01
-9.942278e-02
1.379652e-01
4.533583e-01
2.348729e-01
2.901297e-01
2.059721e-01
3.871890e-02
7.331262e-02
-1.267177e-01
-7.181062e-02
9.460039e-02
3.568243e-01
3.546154e-01
3.581556e-01
1.014740e-01
4.772840e-01
-1.553326e-01
1.055358e-01
2.395195e-02
5.211460e-02
-5.569155e-02
1.380980e-02
3.596398e-01
7.739158e-01
5.645156e-01
-2.653242e-02
-4.269605e-01
-7.292784e-01
-8.298399e-01
9.065916e-02
4.139133e-01
9.964360e-01
6.913135e-01
4.390323e-02
-2.682644e-01
-1.319585e+00
-6.885283e-01
-8.726006e-01
-2.545113e-02
1.470916e+00
6.763807e-01
-7.209751e-02
-2.615734e-01
-5.495973e-01
-6.675066e-01
7.459267e-03
1.604681e-01
4.996325e-01
2.427083e-01
3.724989e-01
2.142437e-02
6.265786e-02
1.045326e-02
-9.715030e-02
-1.671019e-02
4.637507e-02
1.061041e-01
-1.083303e-01
1.174832e-01
1.890072e-01
-5.342041e-02
2.846172e-01
-1.000622e-01
-3.253682e-01
1.719439e-01
-1.233027e-01
3.719312e-02
4.244914e-01
-3.602817e-02
9.743675e-02
1.207116e-01
-4.298008e-01
-3.617274e-01
6.069321e-02
1.791376e-01
3.248718e-01
4.614788e-01
4.728594e-02
-5.371888e-02
-3.454441e-01
-4.948880e-02
1.702894e-01
4.225580e-01
2.183845e-01
1.661713e-01
4.345631e-01
5.811942e-02
-4.364337e-01
7.654210e-02
5.974723e-01
2.277254e-01
3.934490e-01
6.868712e-01
-2.720714e-02
1.882211e-01
-3.745414e-01
2.171827e-01
5.107502e-01
8.121273e-01
1.109847e+00
1.078951e+00
1.251889e+00
4.456754e-01
-1.390344e-02
1.906950e-01
4.417451e-01
7.247883e-01
5.518451e-01
6.472997e-01
5.316084e-01
5.413284e-01
3.202842e-01
5.027397e-01
2.990227e-01
4.701021e-01
7.046186e-01
4.193692e-01
7.245479e-01
6.619019e-01
2.802179e-01
5.656295e-01
8.213438e-01
3.197895e-01
7.633830e-01
3.476571e-01
3.895932e-01
4.130556e-01
6.642693e-01
9.066380e-02
5.422670e-02
4.405764e-01
2.003062e-01
-2.181969e-02
5.401553e-01
5.146629e-01
4.288801e-01
1.308613e-01
3.838227e-01
7.735137e-02
1.185155e-01
1.640874e-01
2.875833e-01
5.895916e-01
7.200947e-01
-1.438295e-01
2.956603e-02
4.413977e-01
2.985080e-01
-1.397738e-01
2.785478e-01
3.693503e-01
7.217924e-01
-1.633590e-01
2.689935e-01
4.239382e-01
6.542313e-02
1.076752e-01
2.833340e-02
1.360886e-01
8.732422e-02
2.053355e-01
2.514621e-01
1.986468e-01
5.509961e-02
-4.557065e-03
-3.689453e-01
-2.250851e-01
-1.373388e-01
-3.496438e-01
1.548563e-01
1.380874e-02
-1.555872e-02
-1.305412e-01
-4.307795e-01
-7.457062e-01
-5.698143e-01
-7.115436e-02
8.924953e-02
-9.429333e-03
-1.153062e-01
-2.329194e-01
-4.450120e-01
-1.014238e+00
-1.001767e+00
-2.717764e-01
-8.749239e-02
-1.362105e-01
-4.417395e-01
-4.234556e-01
-5.524350e-01
-7.949037e-01
-8.857286e-01
-2.202717e-01
-2.800289e-01
-5.553508e-01
-1.854183e-01
-2.699219e-01
-5.323975e-01
-3.700988e-01
-1.012702e+00
-5.633345e-01
-5.347026e-01
-1.917786e-01
-1.682983e-01
-3.034667e-01
-9.915427e-01
-3.047446e-01
-4.712508e-01
-1.829047e-01
-6.235056e-01
-3.045448e-01
-3.229942e-01
-5.749375e-01
-1.415768e-01
-8.110316e-01
-2.247962e-01
-3.863216e-01
-4.736685e-01
-5.344312e-01
-6.175693e-01
-3.738493e-01
-5.478661e-01
-1.179211e+00
-4.859921e-01
-1.842278e-01
1.249876e-02
5.322637e-01
3.313476e-01
2.738528e-01
4.487196e-01
3.573248e-01
1.109576e-01
1.141342e-01
6.876339e-02
5.723526e-01
3.107785e-01
6.876030e-01
2.219452e-01
6.307287e-01
2.903135e-01
1.112459e-01
5.522508e-01
2.950948e-01
5.750411e-01
4.293326e-01
8.066863e-02
5.287028e-01
7.902136e-03
4.966584e-01
3.993954e-01
3.183605e-01
3.492259e-01
3.005547e-01
3.791185e-01
1.583495e-01
-2.417295e-02
-1.104378e-01
6.894922e-01
4.597951e-01
1.202170e-01
4.641750e-01
8.894132e-02
-1.233772e-02
-6.748061e-01
2.489903e-01
2.610839e-01
-4.416137e-02
6.372734e-01
1.617822e-01
1.217013e-01
-1.581486e-01
-2.661134e-01
2.583418e-02
1.158254e-01
-8.233475e-02
2.498547e-01
1.490948e-01
2.843670e-04
-1.004634e-01
7.707414e-02
-4.908401e-01
-3.046503e-01
4.587287e-02
-1.762539e-01
3.394245e-01
-4.307874e-01
-5.840075e-02
3.372888e-01
-5.783475e-01
6.917583e-02
-1.897153e-01
-1.374693e-01
-3.158763e-01
1.009209e-01
5.367525e-02
1.847331e-01
-5.442579e-01
-4.323347e-01
-9.052584e-02
1.072265e-01
-1.395694e-01
1.746363e-01
2.795249e-01
1.070010e-01
-3.957515e-02
-2.595283e-01
-5.514206e-01
-1.501811e-01
9.815966e-02
6.081422e-02
2.193080e-01
-3.276483e-01
-1.202764e-01
-1.164377e-01
-1.466890e-02
-2.398456e-01
-1.453356e-01
1.316528e-01
-7.474446e-03
-1.826609e-01
4.585576e-02
-4.463668e-01
-1.276493e-01
-1.125857e-01
-6.856999e-02
-1.355673e-01
-7.164669e-01
3.195503e-01
-4.207018e-01
-1.875229e-01
-1.287950e-01
-2.989021e-02
-2.735003e-01
2.939410e-02
-6.114488e-02
2.065532e-01
-2.880423e-01
-1.972748e-01
-2.339728e-01
-3.161541e-02
9.508020e-02
-6.089355e-01
-2.162943e-01
1.246978e-01
-2.193993e-01
-1.089148e-01
-1.116614e-01
-2.508784e-01
-2.289302e-01
-2.908366e-01
-1.115260e-01
6.316972e-02
6.306575e-01
1.374742e-01
-4.987983e-02
4.004898e-01
7.535629e-01
4.041361e-01
4.061350e-01
5.863794e-01
1.869636e-01
-1.151449e-01
-2.936248e-01
3.738739e-02
4.743918e-01
3.646814e-01
2.476444e-01
-6.511267e-02
4.305041e-01
6.538991e-01
-1.217846e-01
7.555386e-02
3.855768e-01
1.830606e-01
2.289104e-01
-1.261015e-01
-6.825390e-02
3.378846e-01
6.021093e-01
1.486867e-01
4.491440e-01
3.280860e-01
-6.940805e-02
7.200399e-03
3.409673e-01
1.223429e-01
1.267094e-01
3.878317e-01
3.610779e-01
3.810258e-01
9.998950e-02
2.359705e-01
4.522011e-01
4.604342e-01
1.548900e-01
-1.056908e-04
-3.309795e-03
9.965522e-02
2.703033e-01
8.489302e-02
7.600577e-01
4.046452e-01
2.673683e-01
-1.184887e-01
-1.416340e-01
-4.030460e-01
-6.213770e-01
4.545062e-01
7.146129e-01
9.340783e-01
2.045686e-01
6.184863e-03
-5.946810e-01
-3.503872e-01
-1.083467e+00
-9.282302e-01
7.566451e-01
8.739208e-01
6.561326e-01
-1.148241e-01
1.122767e-01
-8.019877e-01
-1.309242e+00
-1.356670e+00
2.340909e-01
6.131022e-01
5.882738e-01
1.100036e-01
-1.599928e-01
-3.265817e-01
-9.128433e-01
-1.330911e+00
5.315876e-01
2.567905e-01
3.142588e-01
1.624093e-02
-3.309382e-02
-1.483352e-01
-9.508523e-01
-1.884901e+00
6.373364e-02
8.559849e-02
-1.672267e-01
-4.658707e-02
1.716571e-02
-7.108724e-01
-7.372468e-01
-1.833954e+00
-8.236310e-02
-4.129057e-01
-2.892981e-01
-8.702818e-02
-1.228884e-01
-5.064189e-01
-8.172280e-01
-1.002013e+00
-2.872291e-01
-2.989555e-01
-1.654832e-01
1.820731e-02
-1.318513e-01
-3.313655e-01
-1.027147e+00
-9.728095e-01
-4.684981e-01
-2.801095e-01
-3.292727e-01
-3.395677e-01
-8.721606e-02
-1.654265e-01
-3.930897e-01
-9.335093e-01
-2.122093e-01
-3.420656e-01
-6.568142e-01
-3.280999e-01
-6.049692e-01
-1.018457e-01
-3.669706e-01
-9.649154e-01
-5.442211e-01
-1.191054e-02
-1.888842e-01
2.762045e-01
4.751269e-01
3.007018e-01
2.106159e-01
3.341778e-01
4.900549e-02
1.322085e-01
4.250343e-03
1.768629e-01
1.681673e-01
-9.267009e-02
2.583191e-01
5.614861e-01
-6.143259e-01
-1.238818e-01
1.435594e-01
2.933538e-01
1.180960e-01
1.207196e-01
-4.830825e-02
3.188035e-01
3.726158e-01
1.398497e-01
5.998436e-02
1.486214e-01
1.523121e-01
-7.949708e-02
2.322474e-01
3.398296e-01
9.728770e-02
3.906468e-01
3.888674e-01
2.617657e-01
3.611109e-02
-1.415169e-01
1.289375e-01
2.978983e-01
1.994297e-01
5.168838e-01
3.136346e-01
-6.261997e-02
-2.318417e-01
-2.390443e-01
-1.006742e+00
-1.036906e+00
3.882428e-01
3.416281e-01
1.551817e-01
-2.108540e-01
-1.515866e-01
-4.228845e-01
-4.694956e-01
-1.795667e+00
1.270723e-01
-9.488270e-02
2.136263e-01
1.270011e-01
-4.247570e-01
-3.330540e-02
-5.354589e-01
3.435063e-02
-1.037786e+00
-5.332647e-01
1.173252e-01
-2.755140e-01
2.054637e-01
1.458418e-01
4.340814e-01
9.214287e-01
-1.530014e+00
-7.786904e-01
-6.450601e-01
-5.331926e-01
-1.474715e-01
2.010982e-01
8.604290e-01
1.125855e+00
-1.411867e+00
-5.934169e-01
-6.165774e-01
-6.040629e-01
1.317484e-01
9.738872e-01
6.897785e-01
1.062319e+00
5.424696e-01
-2.667182e-01
-1.147418e-01
6.740808e-02
4.037715e-01
2.257415e-01
3.638922e-01
1.028125e+00
1.486416e-01
2.183329e-01
5.525033e-02
1.520248e-01
2.066735e-01
1.590273e-01
3.348822e-01
2.432988e-02
2.266499e-01
2.765844e-01
1.775772e-01
4.643365e-01
-3.058610e-01
2.476441e-01
1.284507e-02
5.926527e-02
-1.946095e-01
2.918304e-01
9.703655e-02
9.625631e-02
2.591014e-01
-2.665309e-01
6.808435e-02
9.386456e-02
9.469968e-01
1.062256e-01
4.469721e-01
3.529132e-01
-1.824199e-03
-3.852923e-01
-2.566944e-01
-3.956062e-01
3.039192e-01
-7.681544e-02
-4.424809e-01
-6.506295e-01
-2.889943e-01
3.251326e-01
-1.320806e-01
8.532364e-01
1.977361e-01
-3.832512e-01
5.102962e-04
3.364611e-01
3.132688e-01
-3.028911e-02
1.604568e-01
6.019427e-02
-1.906099e-01
-2.587322e-01
1.906665e-01
4.019644e-01
3.548562e-01
9.017453e-02
2.978343e-01
-1.476833e-01
-2.868014e-01
2.935136e-02
-7.890692e-02
2.435081e-01
3.964529e-01
2.954787e-01
3.263982e-02
-3.329705e-01
-3.065569e-01
9.055151e-02
4.024887e-01
6.152767e-01
-1.556827e-01
3.230377e-01
4.038635e-01
-3.328366e-01
1.165617e-01
-9.578340e-02
2.168942e-01
2.651285e-01
5.417088e-01
1.999084e-01
2.434986e-01
-1.982448e-01
-2.573205e-01
2.104502e-01
6.523077e-02
2.208742e-01
1.078379e-01
1.474372e-01
5.039943e-01
3.611027e-01
5.250638e-03
-1.430601e-01
1.666776e-01
1.361719e-01
2.124414e-01
2.661793e-01
3.441033e-02
2.944272e-01
-1.389517e-02
3.409314e-01
1.936874e-01
1.516346e-01
1.940510e-01
2.680902e-01
1.157991e-01
-8.682663e-03
-3.983526e-01
-2.877412e-02
5.327256e-01
-1.863837e-01
2.463564e-01
6.133548e-02
-2.557847e-02
-3.955479e-01
-6.227500e-01
-4.961040e-02
-2.934581e-01
-2.169620e-03
-1.808770e-01
-1.113641e-01
-1.936181e-01
-9.849069e-01
-7.153963e-01
-4.142736e-01
-5.978891e-02
1.740813e-01
6.607526e-02
-9.796713e-02
-3.870427e-01
-3.999612e-01
-5.639371e-01
-2.844636e-01
-2.960050e-01
4.252198e-02
3.229611e-02
3.712939e-02
-1.862728e-01
5.975972e-02
-1.039711e+00
-5.874430e-01
8.533683e-02
2.558979e-01
3.184429e-01
1.495139e-01
-7.033610e-02
3.288853e-01
-5.235822e-01
-2.803948e-01
-4.190703e-01
1.057568e-01
4.993160e-01
-1.646019e-02
1.779795e-01
5.309538e-01
-6.021452e-02
-9.130364e-01
-5.370620e-01
1.726288e-01
-1.475391e-01
3.592361e-01
5.720339e-01
6.099101e-01
-1.364934e-01
-3.023861e-01
-9.345710e-01
-8.669288e-01
-9.700783e-01
-4.116302e-01
5.496845e-02
-1.489843e-01
-4.672910e-01
-2.385667e-01
-5.873887e-01
-8.659812e-01
-9.751535e-01
-3.135313e-01
-5.619024e-02
-4.066852e-01
-2.861043e-01
1.514595e-01
-8.311445e-01
-8.354018e-01
-6.522248e-01
-2.868520e-01
-1.812347e-01
2.733238e-01
-2.055586e-01
-1.024997e-01
-6.560469e-01
-1.066350e+00
-3.497488e-01
-3.826661e-01
-5.734992e-02
1.973974e-01
8.797704e-02
-2.460973e-01
-5.763031e-01
-9.203990e-01
-3.462551e-01
-7.306776e-02
-2.829328e-01
2.781943e-01
4.264691e-01
-4.307160e-01
-3.900852e-01
-7.236153e-01
-5.201919e-01
-3.068280e-02
-3.761163e-02
9.140438e-01
6.755654e-01
-7.496981e-02
-9.959177e-01
-5.216853e-01
2.353304e-01
5.531414e-02
4.958679e-01
5.186885e-01
4.513654e-01
2.078212e-01
-5.383693e-01
-5.317930e-01
2.189485e-01
3.486351e-01
3.807357e-01
2.878307e-01
1.025381e+00
3.415676e-01
-6.942795e-01
-3.967084e-02
3.131311e-01
7.681397e-01
2.943347e-01
3.416122e-01
8.557193e-01
-8.908915e-02
6.068293e-02
-4.401372e-01
2.295919e-01
5.251612e-01
8.955562e-01
4.743770e-01
-1.536467e-01
3.186744e-01
3.594710e-01
5.290688e-02
-8.669494e-02
2.932773e-01
5.889387e-01
5.580422e-01
4.358135e-02
-2.132233e-01
2.262549e-01
-1.714232e-01
3.472425e-01
2.949603e-01
4.546811e-01
2.165092e-01
-1.476848e-01
1.804465e-01
3.349576e-01
-1.824321e-01
1.762340e-02
5.935702e-01
3.504035e-01
2.660900e-01
1.108685e-01
1.055622e-01
-4.622331e-02
4.883922e-01
-6.372379e-02
2.568102e-01
6.966912e-01
-1.625338e-01
-6.297803e-01
8.576796e-02
5.016235e-02
-6.347790e-02
3.700271e-01
-8.692507e-02
3.750046e-01
-1.905176e-01
1.425477e-01
-1.666355e-01
8.145775e-02
4.250234e-01
7.717043e-01
4.059951e-01
-4.680840e-01
-2.139473e-02
-2.508781e-01
-5.805931e-02
-7.886553e-01
-6.145165e-01
-8.174621e-01
-1.701483e-01
4.082929e-01
4.454625e-01
1.822866e-01
-2.706078e-01
-6.133881e-01
-5.093663e-01
-1.032432e+00
4.989341e-02
-1.217264e-01
5.467682e-01
-2.024364e-01
2.157923e-01
-2.849481e-01
-8.399758e-01
-6.826973e-01
-4.120598e-01
4.759083e-01
8.649869e-01
-2.160260e-01
-3.090658e-01
-2.127395e-01
-1.070009e+00
-5.156408e-01
8.364412e-02
5.332293e-01
5.437317e-01
2.674170e-01
1.016405e-01
-2.004998e-01
-1.126004e+00
-5.033421e-01
-1.593589e-01
1.939529e-01
6.721519e-01
8.052754e-01
-1.063993e-01
-3.423942e-01
-5.365643e-01
-4.512355e-01
2.158256e-02
1.719544e-01
5.921964e-01
7.269209e-01
2.328217e-01
-3.990273e-01
-3.871624e-01
-4.677540e-01
-2.728635e-01
4.689191e-01
3.673874e-01
4.137026e-01
2.516971e-02
-5.280551e-02
-4.959810e-01
-6.802883e-01
1.984116e-01
1.851737e-01
1.691922e-01
1.326720e-01
-3.795168e-01
1.597484e-01
1.165316e-02
-3.267074e-01
-3.138176e-01
-1.626304e-01
1.014464e-01
-5.050625e-02
1.315064e-01
-3.523801e-02
2.139923e-01
2.063723e-02
-1.119017e-01
3.780236e-02
-2.179267e-01
-3.658418e-01
-1.444104e-01
2.874612e-01
3.968278e-01
-1.119800e-02
1.205072e-01
1.309379e-01
-2.475549e-01
-5.831563e-01
2.047803e-01
2.301202e-01
3.833137e-01
2.919434e-01
2.330319e-01
-3.363353e-01
-2.952326e-01
-5.173418e-01
-2.127564e-01
1.557029e-01
1.189330e-01
-1.001839e-02
2.118206e-01
1.656550e-01
-5.083703e-01
1.754442e-01
-2.975477e-01
6.711324e-02
4.148654e-01
6.661764e-02
1.369870e-01
3.321486e-01
-3.214797e-01
-4.143417e-01
-3.251675e-01
5.824026e-02
8.442541e-02
4.197265e-01
-9.835832e-02
5.500066e-02
1.264661e-01
-6.462812e-01
-2.500169e-01
-2.183525e-01
3.868374e-03
5.312192e-01
-2.403034e-01
-1.516521e-01
-2.402642e-01
1.223086e-01
-1.858277e-01
-4.219989e-01
-2.152909e-01
-3.607082e-01
-7.362557e-02
-1.580146e-01
-4.303981e-01
-9.205399e-02
-5.684402e-02
-1.113671e-01
-9.847994e-02
-4.380766e-01
-3.040054e-01
-7.469212e-02
3.375763e-03
-1.983494e-01
-3.279185e-01
-2.613957e-01
-4.598220e-01
-2.505997e-01
-3.774584e-01
-1.591104e-01
-2.301753e-01
4.034866e-02
-5.614246e-01
-3.912045e-01
-3.545882e-01
-3.690171e-01
-5.079713e-01
-4.013249e-01
1.826529e-01
-9.889054e-02
-8.314557e-01
-3.375422e-01
-3.192904e-01
-1.182843e+00
-5.963408e-01
-4.342408e-01
3.736760e-01
1.163519e-01
-6.487511e-01
-6.324010e-01
-5.552625e-01
-3.747678e-01
-9.635103e-01
-3.388153e-01
9.258356e-01
2.051250e-01
-8.979692e-01
-4.727876e-01
-2.812743e-01
-9.565418e-02
-6.793742e-01
2.035175e-01
1.716146e+00
5.100519e-01
-3.150165e-01
-1.418146e-01
3.210706e-01
3.015136e-01
-4.484652e-01
-2.998860e-01
1.137616e+00
1.847801e-01
1.447714e-01
4.989917e-01
4.855807e-01
6.129132e-01
2.905114e-01
8.498202e-03
2.140445e-01
4.211037e-01
-7.098455e-02
5.911831e-01
6.759910e-01
1.919747e-01
3.089267e-01
9.897943e-02
1.539309e-01
-3.432481e-01
2.285475e-01
4.769497e-01
2.847343e-01
-1.199034e-01
1.680763e-01
2.156005e-01
-1.204742e-01
-7.462611e-02
2.244204e-01
-1.844882e-01
-1.215632e-01
-2.041460e-01
1.522033e-01
2.149458e-01
9.028765e-02
-2.177569e-01
2.640970e-01
5.618392e-02
-1.107616e-01
-7.983446e-02
-3.121150e-01
1.445756e-01
-6.536586e-01
-1.173930e-01
2.358619e-01
-6.273457e-02
-4.188071e-01
-3.138278e-01
-2.974342e-01
-3.249696e-01
-5.217998e-01
1.462254e-01
-2.698245e-01
-3.765302e-01
-2.607464e-01
-9.684518e-02
-4.151099e-01
-2.102834e-01
6.652482e-02
-1.642776e-01
-1.186074e-01
-2.528042e-01
-3.524766e-01
-8.697253e-02
-8.099011e-02
-1.954081e-01
-1.299761e-01
-2.086786e-01
-2.567133e-01
-2.499768e-01
-5.346736e-01
-1.158622e-01
-1.912682e-01
-1.623093e-01
1.261074e-01
4.062346e-01
-2.696957e-01
-3.362615e-01
-1.626504e-01
6.128047e-02
-5.373441e-02
-1.807163e-02
-1.694438e-01
1.370408e-01
1.539913e-01
-1.787074e-01
-1.896633e-01
2.821169e-02
2.428388e-01
-8.866127e-02
2.169289e-01
4.608427e-01
3.915774e-01
1.066200e-01
1.467785e-01
-3.053470e-01
2.532052e-01
4.685133e-01
-3.434975e-01
2.781554e-01
3.419811e-01
-4.037682e-02
5.701510e-02
1.988058e-02
9.687918e-02
6.945535e-01
-2.260205e-01
1.476085e-01
4.296909e-01
9.241923e-02
-4.561995e-02
2.438881e-01
-3.520089e-03
8.751626e-02
-5.625898e-01
-3.185630e-01
2.507967e-01
1.581145e-01
5.261007e-01
2.851050e-01
2.352312e-01
-6.290788e-02
-8.040625e-01
-1.216442e+00
-2.415084e-02
8.091863e-01
3.275471e-01
2.234854e-01
4.884700e-02
-2.062176e-01
-2.952540e-01
-1.300746e+00
-1.950271e-01
3.006765e-01
7.081173e-01
3.995938e-01
3.704897e-01
-2.053245e-01
-6.044291e-01
-6.531928e-01
-1.300297e-01
3.036311e-01
3.313978e-01
3.577002e-01
3.253077e-01
1.956043e-01
-1.563144e-02
3.270545e-01
7.669792e-02
-3.624726e-01
-2.011980e-01
-2.644017e-01
-2.594514e-03
-1.308581e-01
4.805537e-01
3.315780e-01
-1.394654e-01
-2.627393e-01
-6.320260e-01
-1.649679e-02
6.676175e-02
3.869137e-02
-2.497084e-01
6.817872e-01
-6.741521e-02
-3.863829e-01
-1.730825e-01
-6.773106e-01
-4.109204e-01
-1.263763e-01
-8.412087e-02
-1.995062e-01
-1.187398e-01
-1.454432e-01
-3.192184e-02
-4.274641e-01
3.423679e-02
-1.145078e-01
1.890315e-01
-3.059988e-01
-1.706745e-01
-4.592813e-01
-1.712491e-01
-2.390412e-01
-2.852223e-01
-2.088307e-02
2.620220e-01
-1.763804e-01
-6.978870e-02
-1.513697e-01
-1.771220e-01
-4.266378e-01
-7.012213e-01
-2.699847e-01
5.432280e-02
7.247895e-01
2.337436e-01
-1.924537e-01
-3.057359e-01
-4.847212e-01
-4.271666e-02
4.324436e-01
2.371051e-01
6.278348e-01
7.243053e-01
5.234843e-01
1.194786e-01
2.641464e-01
7.031576e-02
2.755738e-01
5.167076e-01
2.418810e-01
3.816631e-01
4.539676e-01
2.072683e-01
2.891328e-02
3.848768e-01
3.308060e-01
1.134255e-01
7.452972e-01
3.239793e-01
1.985341e-01
8.152845e-01
4.970885e-01
3.841694e-01
1.890976e-01
5.781796e-01
2.842237e-01
5.030330e-01
3.006060e-01
3.484377e-01
5.135903e-01
7.290790e-01
4.704008e-01
1.396897e-01
5.213899e-01
1.008118e-01
5.622825e-01
1.910907e-01
4.706549e-01
5.730329e-01
5.988747e-01
2.561296e-01
-3.206687e-01
-3.004327e-01
6.947028e-02
1.051137e-01
5.144214e-01
7.406411e-01
8.682554e-01
6.675977e-01
-1.283323e+00
-7.537581e-02
-2.584880e-01
2.868777e-01
4.078852e-01
1.372848e-01
3.398531e-01
2.569494e-01
-1.585567e+00
-7.736584e-01
-2.702945e-01
-4.146142e-01
7.218364e-02
5.776308e-01
-1.537078e-01
-1.216294e-02
-8.374689e-01
-1.294487e+00
-8.127663e-02
-1.239503e-01
-1.801029e-01
-2.322544e-01
4.823173e-01
5.284218e-01
1.743121e-01
-4.157121e-02
-5.762199e-02
-5.553688e-01
-5.196329e-01
-4.347699e-01
1.243890e-01
1.189600e-02
9.999070e-02
-2.151047e-01
-1.805768e-01
-2.192249e-01
-1.418583e-02
-1.268184e-01
-3.679448e-01
-8.337309e-02
2.369325e-01
6.010310e-02
-4.328884e-01
-1.354553e-01
-3.666280e-01
-3.765758e-01
-5.947102e-02
-1.761957e-01
5.016435e-02
-1.468694e-01
1.466653e-01
-1.267656e-01
-1.489302e-01
-1.690216e-01
-1.720208e-01
-2.941620e-01
1.081326e-01
-4.467654e-02
-3.303918e-01
8.648982e-02
4.668934e-02
-3.905012e-01
-2.250115e-01
-3.479025e-01
2.041585e-01
1.585368e-01
5.199375e-01
7.854919e-02
1.949500e-01
-2.114079e-01
6.180765e-02
-1.199052e-02
-4.903036e-02
2.069761e-01
-2.126510e-01
-9.084080e-02
-5.574842e-02
-6.471266e-01
-1.055304e+00
-7.382828e-01
5.750079e-01
1.673568e-01
1.694933e-01
-3.185198e-01
-1.352045e-02
2.794087e-01
1.392034e-02
-3.905444e-01
-3.352158e-01
2.200171e-01
8.264267e-02
1.791536e-01
2.221676e-01
5.704140e-02
9.524609e-02
-3.996672e-01
2.064098e-01
2.149903e-01
-5.797375e-02
-5.150705e-02
1.465738e-01
-5.720202e-02
4.924603e-04
-1.573210e-01
1.456237e-01
2.768039e-01
3.057692e-01
2.285999e-01
6.291458e-02
7.354842e-02
1.063914e-01
-1.599507e-01
8.415544e-02
7.021982e-02
-1.385045e-01
1.302687e-01
4.993303e-02
2.199441e-01
1.828901e-01
-1.108501e-01
-3.393041e-01
-2.064703e-01
-3.260109e-01
4.294702e-01
5.843207e-01
7.124953e-01
1.606705e-01
1.274512e-01
-4.142166e-01
-8.958108e-02
1.535875e-01
1.568913e-01
3.071255e-01
4.429209e-01
7.989071e-02
-1.553849e-01
-5.901919e-01
-1.050968e-01
4.583991e-01
1.832251e-01
7.396579e-02
-3.344461e-02
-7.262402e-02
-4.785304e-01
-7.529794e-01
-1.427303e-01
1.479743e-01
-1.072647e-01
1.125864e-01
-2.855533e-02
2.762010e-02
2.834743e-01
-3.171357e-01
4.795135e-01
9.748150e-02
3.751473e-01
-4.633246e-02
8.723895e-03
2.026805e-02
2.821286e-01
-2.470167e-01
6.025361e-02
2.282924e-01
1.225256e-01
9.457448e-02
-2.280525e-01
1.245255e-01
2.098627e-01
1.907728e-01
-6.992167e-02
-2.113526e-01
-1.100835e-02
-7.427237e-02
3.195221e-01
2.756645e-01
4.157774e-01
-1.271415e-01
-1.106085e-01
1.603477e-01
6.408713e-02
1.632152e-01
1.962252e-01
3.111955e-01
-5.695224e-02
7.349960e-02
-5.903013e-02
-4.309069e-02
-3.059814e-01
-3.118519e-01
-4.929888e-02
-3.488559e-01
1.897357e-01
9.259944e-02
-1.142963e-01
-1.009346e-01
3.543495e-02
1.777753e-01
-3.395408e-01
-5.543132e-01
5.254957e-01
-2.528387e+00
-1.661670e+00
1.462312e+00
-1.723882e+00
-1.314390e+00
-1.424589e+00
-2.179458e+00
9.108589e-01
2.331353e+00
-1.863793e-01
5.711247e-01
1.549104e+00
5.158611e-01
-6.672881e-01
-6.881136e-01
3.310403e-01
-6.243568e-01
1.928777e+00
-1.624890e+00
8.890006e-01
-5.058332e-01
-8.767236e-01
9.647166e-01
-9.132172e-01
-1.668447e+00
5.375289e-01
2.444592e+00
1.384511e+00
-6.458669e-01
-7.895953e-01
-1.581034e+00
-4.259906e-01
-8.799773e-01
-6.061687e-01
-4.331458e-01
-3.579384e-02
-5.587338e-01
-4.213926e-01
1.453098e+00
-1.135093e+00
9.637528e-01
-5.517986e-01
1.685399e-01
2.177322e+00
-6.606369e-01
-3.880658e-01
-1.142705e+00
-2.051321e-01
-3.329188e-01
-3.199323e-01
-5.309906e-01
-4.927550e-01
2.084402e+00
-8.112856e-01
1.885267e+00
-7.528656e-01
1.386294e+00
-6.317777e-01
-1.151270e+00
-5.922896e-01
4.066111e+00
-4.058957e-02
-6.472943e-01
2.711236e+00
-7.919865e-01
1.987751e+00
-1.319193e+00
-1.015004e+00
-1.571537e-01
-9.682292e-01
-6.008888e-01
-6.671800e-01
-1.263011e+00
-1.225253e-01
-2.263644e-01
-1.617434e-01
-4.200912e-01
-5.816744e-01
1.189278e+00
-6.366712e-01
-7.956530e-01
1.440057e+00
1.902899e+00
-6.137498e-01
-1.031229e+00
-4.921483e-01
2.979334e+00
-2.273073e-01
-4.890436e-01
-7.142906e-01
-8.292443e-01
2.050111e+00
-1.211373e+00
-5.844683e-01
-2.265453e-01
-6.540437e-01
-6.300224e-01
-7.195113e-01
-8.564631e-01
-1.558029e-01
-1.408647e-01
-4.316503e-01
-7.564005e-01
-7.621270e-01
-2.482789e+00
-1.820112e+00
2.734994e-01
-3.940818e-01
-1.448075e+00
7.046963e-01
-1.007270e+00
1.914961e-01
9.393874e-01
1.761297e+00
9.694628e-01
2.434300e+00
6.189212e-02
1.749195e-01
-2.546814e+00
-1.711224e-01
-7.389209e-01
-1.386485e-01
-2.622356e-01
1.735983e+00
-8.986055e-01
2.569992e+00
-1.171096e+00
-1.141255e+00
-1.952141e+00
1.174895e-01
1.498482e+00
-5.718509e-01
-4.805981e-01
-5.484005e-01
-1.316403e+00
2.431767e+00
-1.160801e+00
-4.343653e-01
3.797938e+00
-1.806302e-01
-4.318135e-01
-4.633888e-01
1.389112e+00
-8.756576e-01
-1.013576e+00
-6.732267e-01
-2.237511e-01
-6.005246e-01
1.745345e+00
2.235642e+00
1.817067e+00
-1.271255e-01
-4.172489e-01
-2.925990e-01
-9.069729e-01
-4.657805e-01
-1.176277e+00
-6.872881e-01
-6.869310e-01
1.121267e+00
-1.515776e+00
-4.954944e-01
9.627128e-01
-7.255422e-01
2.209537e+00
-1.276027e-01
-3.744167e-01
-7.089097e-01
-6.656268e-01
3.342287e+00
1.187336e+00
-7.836235e-01
-1.971760e-01
-4.808171e-01
-1.095258e+00
-6.992205e-01
1.571450e+00
-1.840446e-01
-3.137456e-01
-2.590955e-01
-8.717217e-01
-8.428530e-01
-1.318657e+00
-7.638597e-01
2.044247e+00
-6.334456e-01
-1.433318e+00
-5.790467e-01
1.008160e+00
-5.893749e-01
-4.704772e-01
-3.148428e-01
-4.766873e-01
-4.423023e-01
-6.702013e-01
-1.130000e+00
-1.255533e+00
2.729522e+00
-4.391942e-02
-9.906331e-01
1.912497e+00
2.010535e+00
-9.170095e-01
-4.189484e-02
-3.225521e-01
-4.667388e-01
-9.763485e-01
-5.607655e-01
-1.388754e+00
1.287428e+00
1.402447e+00
1.751260e+00
-1.691429e+00
2.848462e+00
5.917220e-01
1.739464e+00
2.717898e+00
-1.499255e-01
2.704586e+00
4.340043e+00
7.673687e-01
2.333713e+00
7.863367e-01
-1.031577e+00
-4.536349e-01
3.457898e+00
-1.057195e+00
3.900818e+00
1.361282e+00
2.696502e+00
-5.912627e-01
2.877872e+00
-1.200022e+00
2.594948e+00
-3.666638e-01
-3.850544e-01
-1.276064e-01
7.736563e-03
1.838910e+00
1.207161e-01
-1.592296e-01
-1.343264e-01
-1.610524e-01
-8.363943e-02
-4.583582e-02
-3.280007e-01
-2.822721e-01
-5.467380e-01
2.258307e+00
-1.312907e-01
5.763187e-02
-1.575725e-01
-1.939945e-01
-4.458495e-01
-7.942004e-02
-4.327029e-01
3.000536e-01
-1.822076e-01
-2.887407e-01
-2.266510e-02
1.001000e+00
-8.263042e-01
1.906339e+00
-9.166531e-01
4.461863e-01
-4.331754e-01
-1.233659e+00
-4.418052e-01
-4.991243e-01
-1.606110e-01
-7.443205e-01
-4.461098e-01
-8.282673e-01
-1.291620e+00
8.884145e-01
-7.456521e-01
-1.796920e-01
1.858732e+00
-7.684389e-01
-6.392963e-01
-9.681621e-01
-4.738171e-01
-3.112193e-01
-5.161819e-01
-7.464818e-01
-6.050821e-01
3.118538e+00
2.635662e+00
2.267779e+00
-1.091841e+00
2.124165e-01
-8.376194e-01
6.001351e-01
-6.880281e-01
3.922342e+00
-3.577899e-01
-9.649153e-01
3.218528e+00
-8.757582e-01
-1.240382e+00
1.341778e+00
1.562873e+00
-2.836789e-01
-9.441044e-01
1.737954e+00
-8.968252e-01
2.786795e+00
-2.479587e-01
2.543676e+00
-6.506251e-01
1.869007e+00
2.096487e+00
-1.493607e+00
-6.013479e-01
-8.290716e-01
-6.290976e-01
4.543728e-01
-4.436964e-01
-1.427145e+00
-7.260746e-01
-4.109009e-01
-8.542295e-03
-6.254015e-01
-5.395910e-01
6.578593e-01
-1.347308e+00
1.309981e+00
-8.916047e-01
-3.380358e-01
1.810885e+00
-7.437135e-01
-7.061072e-01
7.874036e-01
-3.893558e-01
-8.186524e-01
-5.104228e-01
1.016845e+00
-6.781679e-01
1.037186e+00
-1.266274e+00
-1.576271e+00
-1.506406e+00
5.602281e-01
-1.031154e+00
-2.019482e+00
-1.256739e+00
4.170646e+00
-2.324847e-01
5.164626e-01
1.244188e+00
-1.596076e+00
1.701379e-01
1.354605e+00
-1.737770e+00
-5.114958e-01
5.763205e-01
-1.422635e+00
-1.219337e+00
1.205434e+00
-6.713999e-01
-1.078717e+00
-8.990236e-01
-1.472381e+00
-1.230845e+00
-1.973204e+00
3.536222e-01
1.487318e+00
6.285014e-01
-8.473792e-01
1.397812e+00
-3.448037e-01
4.994813e-01
2.411181e+00
-9.532895e-02
-1.157773e+00
1.943053e+00
-1.620107e+00
4.192858e-01
-5.767432e-01
3.855360e-01
-6.102746e-01
1.881253e+00
-1.476102e+00
-1.166182e+00
-1.820854e+00
-7.797453e-01
1.326285e+00
-6.796685e-01
-1.825215e+00
-8.966594e-01
5.103437e-01
-6.903141e-01
-6.617296e-01
-9.704863e-01
-1.743215e+00
-7.730318e-01
-1.178034e+00
-5.569729e-01
-7.718650e-01
-7.791591e-02
-6.153575e-01
-6.046327e-01
2.370558e+00
-1.547220e+00
5.223998e-01
9.404255e-01
-3.201674e-01
-9.559229e-01
-1.285024e+00
-6.722118e-01
-1.156024e+00
-2.005626e-01
-4.418888e-01
2.394386e+00
-1.306608e+00
-7.283604e-01
-6.237891e-01
-3.053654e-01
-6.428096e-01
-4.491004e-01
9.541256e-01
-2.533849e-01
-6.769494e-01
-2.643156e-01
-3.372743e-01
-5.041675e-01
-8.629737e-02
-2.389460e-01
-2.667998e-01
1.893185e+00
-5.400869e-01
-2.411681e-01
9.720972e-03
-2.674141e-01
2.343086e+00
-4.033753e-01
-4.087618e-01
-1.095981e-01
-6.413654e-02
-1.000604e-01
-4.463653e-01
-2.976382e-01
1.745550e+00
1.351104e+00
-9.555626e-01
-1.185048e+00
1.498144e+00
-8.074721e-01
4.950906e-01
-6.161965e-01
-7.797175e-01
-1.574417e-01
-7.702219e-01
-6.696638e-01
-1.251918e+00
-1.360954e+00
1.977451e+00
2.180943e+00
-5.506122e-01
1.363229e+00
-1.258384e+00
1.585572e+00
1.628527e+00
-2.875597e-01
-3.832416e-01
-3.992150e-01
-9.619112e-01
-6.839909e-01
-9.477222e-01
-6.897529e-01
-5.702205e-01
-6.767118e-01
2.002604e+00
-4.550396e-01
-8.054632e-01
-5.094438e-01
4.279106e+00
-4.904822e-02
-5.210046e-01
-6.028519e-01
-5.217403e-01
2.735014e+00
-9.381482e-01
-4.642849e-01
-2.348344e-02
-4.828137e-01
1.851740e+00
-4.731454e-01
2.640696e+00
-2.033645e-01
-5.255631e-01
-2.053213e-01
-5.416334e-01
-5.833269e-01
3.175178e+00
-9.855594e-01
2.990606e+00
-8.192772e-01
1.610418e+00
-5.187065e-01
-1.244056e+00
2.398818e+00
3.488002e+00
2.744988e-02
-5.876700e-01
-6.581236e-01
-6.533007e-01
3.247049e+00
-1.053081e+00
-8.431927e-01
-1.870052e-01
2.244941e+00
2.639788e+00
2.004042e+00
-8.971392e-01
-2.196692e-01
-4.295140e-01
-4.870744e-01
-7.843764e-01
-7.339411e-01
-1.871535e+00
5.972049e-01
-1.461647e+00
7.725215e-02
-2.451956e+00
1.281983e+00
-2.384022e+00
-9.488862e-01
-9.714059e-01
2.726592e+00
-8.064981e-01
-9.043012e-01
-1.295238e+00
4.327962e-01
7.742363e-01
-1.248535e+00
3.835330e+00
-1.096961e+00
-1.602844e+00
-1.159370e+00
-1.783373e+00
1.801919e+00
-8.491949e-01
-5.982916e-01
-1.273579e+00
-9.161001e-01
-9.078125e-01
-4.870909e-01
-5.193855e-01
-6.602252e-01
1.175164e+00
-3.388548e-01
-9.395130e-01
-2.508382e-01
3.212981e+00
9.514085e-02
-3.025258e-01
-3.978794e-01
-4.585985e-01
1.682003e+00
1.695470e+00
-3.504729e-01
-3.050188e-03
-3.395271e-01
-6.286616e-01
-5.435216e-01
1.325564e+00
4.054560e+00
-4.128338e-02
-2.360114e-01
-3.603061e-01
-1.826309e-01
-9.572286e-01
-4.435547e-01
-3.549828e-01
-2.969477e-01
-1.169942e+00
-4.034762e-01
-9.235218e-01
-9.245657e-02
-1.954971e-01
2.021404e-01
-2.563381e-01
-2.163186e-01
-5.465243e-01
1.487924e+00
2.020612e+00
-2.900519e-01
-1.596262e-01
-3.985256e-01
-4.216266e-01
-3.186033e-01
-7.539731e-01
-1.167327e-01
-1.251395e-01
-1.536640e-01
-2.810571e-01
-3.853180e-01
2.540186e+00
-1.220848e-01
-2.783770e-01
-2.768486e-01
2.331594e+00
-1.159996e-01
-4.054323e-01
-6.251276e-02
-1.064821e-01
2.789753e-01
-1.999159e-01
-1.331093e-01
-2.730724e-01
-4.049167e-01
-7.323380e-01
-3.592529e-01
-2.091953e-02
-3.525813e-01
-3.022490e-01
-3.443098e-01
-2.104695e-01
-3.573366e-02
1.383691e-03
-1.471019e-01
-3.842538e-01
-2.664188e-01
-1.047419e+00
-4.799220e-01
-4.376834e-01
-7.904383e-01
-1.315840e+00
-2.862111e-01
-1.030080e+00
2.487720e+00
-4.784243e-01
-2.342260e-01
-2.812491e-01
5.104473e+00
-5.514087e-01
-1.479138e+00
-9.214872e-01
-3.719250e-01
1.911022e-02
-5.203855e-01
-6.990189e-01
2.732985e+00
-7.560390e-01
-1.679286e-01
-2.484471e-01
-2.789978e-01
-9.195420e-01
-7.295456e-01
-8.631119e-01
-3.902956e-01
-3.875779e-01
-3.723850e-01
-9.902657e-01
-2.769236e-01
-7.714990e-01
-1.959275e-01
5.226727e+00
-1.078006e-01
-1.796823e-01
-5.028265e-01
-5.261294e-01
-7.427382e-01
-7.799646e-01
-4.540192e-01
-8.778298e-02
-3.387656e-01
-4.582229e-01
-3.941316e-01
2.680415e+00
-1.028634e-01
-1.415979e-01
-1.310003e-01
-4.380500e-01
4.023593e+00